0.10000000	320.78068976	170.80829822
0.11000000	320.76956389	170.82839385
0.12000000	320.75619035	170.84865968
0.13000000	320.74305439	170.86972930
0.14000000	320.73075881	170.88840858
0.15000000	320.71782123	170.90875441
0.16000000	320.70481846	170.92882579
0.17000000	320.69188853	170.94922239
0.18000000	320.67874545	170.96925283
0.19000000	320.66571066	170.98940892
0.20000000	320.65197841	171.01030571
0.21000000	320.63950886	171.03001378
0.22000000	320.62659256	171.05051522
0.23000000	320.61341002	171.07116996
0.24000000	320.59981328	171.09086508
0.25000000	320.58727402	171.11099952
0.26000000	320.57367697	171.13144295
0.27000000	320.56093458	171.15167921
0.28000000	320.54773027	171.17204086
0.29000000	320.53452781	171.19239875
0.30000000	320.52123153	171.21581128
0.31000000	320.50711760	171.23330679
0.32000000	320.49366739	171.25399281
0.33000000	320.48097276	171.27456817
0.34000000	320.46796120	171.29408184
0.35000000	320.45459304	171.31469315
0.36000000	320.44121539	171.33489024
0.37000000	320.42781814	171.35527687
0.38000000	320.41426306	171.37579748
0.39000000	320.40115839	171.39627500
0.40000000	320.38736760	171.41658207
0.41000000	320.37444584	171.43715006
0.42000000	320.36047044	171.45751976
0.43000000	320.34703343	171.47819037
0.44000000	320.33389612	171.49939860
0.45000000	320.32040628	171.51927092
0.46000000	320.30651931	171.53968391
0.47000000	320.29317561	171.56043678
0.48000000	320.27935582	171.58093039
0.49000000	320.26594888	171.60140270
0.50000000	320.25237003	171.62263391
0.51000000	320.23873444	171.64218703
0.52000000	320.22497937	171.66269709
0.53000000	320.21130273	171.68320572
0.54000000	320.19764400	171.70633284
0.55000000	320.18308261	171.72473304
0.56000000	320.16982768	171.74507346
0.57000000	320.15601555	171.76583071
0.58000000	320.14139451	171.78646783
0.59000000	320.12873714	171.80695257
0.60000000	320.11475212	171.82762464
0.61000000	320.10074376	171.84858322
0.62000000	320.08716967	171.86892085
0.63000000	320.07325427	171.88972751
0.64000000	320.05851790	171.91110638
0.65000000	320.04435909	171.93186423
0.66000000	320.03089725	171.95255081
0.67000000	320.01747516	171.97276871
0.68000000	320.00340792	171.99325577
0.69000000	319.98934806	172.01425629
0.70000000	319.97538772	172.03546928
0.71000000	319.96092779	172.05563024
0.72000000	319.94219526	172.07757017
0.73000000	319.93040520	172.10020572
0.74000000	319.91773724	172.12439289
0.75000000	319.90406202	172.15035383
0.76000000	319.88922572	172.17181542
0.77000000	319.87292506	172.18617841
0.78000000	319.85653737	172.20298982
0.79000000	319.84569043	172.22303896
0.80000000	319.83285437	172.24730145
0.81000000	319.81708348	172.27123822
0.82000000	319.79993753	172.28512403
0.83000000	319.79099284	172.30561028
0.84000000	319.77666554	172.32652804
0.85000000	319.76229585	172.34746828
0.86000000	319.74794666	172.36838789
0.87000000	319.73355262	172.38934415
0.88000000	319.71914223	172.41046085
0.89000000	319.70470729	172.43127762
0.90000000	319.69024294	172.45244325
0.91000000	319.67578763	172.47324848
0.92000000	319.66126287	172.49424134
0.93000000	319.64677349	172.51527747
0.94000000	319.63223859	172.53635980
0.95000000	319.61769165	172.55732644
0.96000000	319.60268162	172.57867078
0.97000000	319.58851725	172.59942319
0.98000000	319.57384641	172.62062743
0.99000000	319.55916705	172.64160993
1.00000000	319.54443910	172.66313599
1.01000000	319.52991732	172.68392042
1.02000000	319.51522063	172.70491587
1.03000000	319.49964657	172.72611789
1.04000000	319.48554648	172.74714194
1.05000000	319.47093760	172.76840793
1.06000000	319.45619570	172.78944088
1.07000000	319.44125884	172.81060953
1.08000000	319.42655967	172.83184834
1.09000000	319.41153444	172.85334671
1.10000000	319.39679563	172.87437446
1.11000000	319.38193853	172.89541832
1.12000000	319.36604659	172.91702619
1.13000000	319.35212379	172.93786119
1.14000000	319.33716356	172.95910899
1.15000000	319.32219881	172.98045029
1.16000000	319.30718319	173.00184019
1.17000000	319.29203450	173.02292024
1.18000000	319.27715499	173.04432185
1.19000000	319.26203127	173.06551796
1.20000000	319.24586825	173.08694970
1.21000000	319.23181787	173.10913980
1.22000000	319.21680235	173.12954224
1.23000000	319.20172278	173.15086167
1.24000000	319.18655409	173.17250607
1.25000000	319.17135024	173.19363663
1.26000000	319.15608951	173.21533778
1.27000000	319.14085633	173.23680784
1.28000000	319.12478714	173.25796842
1.29000000	319.11035937	173.27919725
1.30000000	319.09488970	173.30099022
1.31000000	319.07963307	173.32221442
1.32000000	319.06444758	173.34375590
1.33000000	319.04629384	173.37160272
1.34000000	319.03054547	173.39096530
1.35000000	319.00789685	173.40981244
1.36000000	319.00259097	173.43005490
1.37000000	318.98745354	173.45094944
1.38000000	318.97187653	173.47256250
1.39000000	318.95650454	173.49400577
1.40000000	318.94098526	173.51557879
1.41000000	318.92547580	173.53770349
1.42000000	318.90991998	173.55867748
1.43000000	318.89434680	173.58055552
1.44000000	318.87876183	173.60187499
1.45000000	318.86302625	173.62347780
1.46000000	318.84751073	173.64509860
1.47000000	318.83183065	173.66669974
1.48000000	318.81615874	173.68916694
1.49000000	318.80035301	173.71053221
1.50000000	318.78476890	173.73200966
1.51000000	318.76902050	173.75353502
1.52000000	318.75321326	173.77531506
1.53000000	318.73707017	173.79745443
1.54000000	318.72164831	173.81896293
1.55000000	318.70542416	173.84098347
1.56000000	318.68997831	173.86217369
1.57000000	318.67410095	173.88361988
1.58000000	318.65770402	173.90554796
1.59000000	318.64219634	173.92701627
1.60000000	318.62634294	173.94875687
1.61000000	318.61032093	173.97055676
1.62000000	318.59439704	173.99238672
1.63000000	318.57836946	174.01450535
1.64000000	318.56237504	174.03614868
1.65000000	318.54632709	174.05796901
1.66000000	318.53023570	174.08069393
1.67000000	318.51335654	174.10234221
1.68000000	318.49783259	174.12354753
1.69000000	318.48169466	174.14545152
1.70000000	318.46554344	174.16733488
1.71000000	318.44943840	174.18924652
1.72000000	318.43325289	174.21116220
1.73000000	318.41702887	174.23309775
1.74000000	318.40078259	174.25504537
1.75000000	318.38461229	174.27690328
1.76000000	318.36840171	174.29884950
1.77000000	318.35211398	174.32083109
1.78000000	318.33578543	174.34282704
1.79000000	318.31941222	174.36485224
1.80000000	318.30304957	174.38685459
1.81000000	318.28665247	174.40888691
1.82000000	318.27022847	174.43089901
1.83000000	318.25378211	174.45294966
1.84000000	318.23740628	174.47501857
1.85000000	318.22106767	174.49709953
1.86000000	318.20430180	174.51919233
1.87000000	318.18803399	174.54128793
1.88000000	318.17138386	174.56341628
1.89000000	318.15486465	174.58575358
1.90000000	318.13827969	174.60767186
1.91000000	318.12148889	174.62994082
1.92000000	318.10420391	174.65200971
1.93000000	318.08770578	174.67422204
1.94000000	318.07148539	174.69636305
1.95000000	318.05493671	174.71856509
1.96000000	318.03828568	174.74078062
1.97000000	318.02155962	174.76300902
1.98000000	318.00477093	174.78524964
1.99000000	317.98797766	174.80750276
2.00000000	317.97115027	174.82977247
2.01000000	317.95364598	174.85254850
2.02000000	317.93618805	174.87483768
2.03000000	317.92053440	174.89664131
2.04000000	317.90361652	174.91895717
2.05000000	317.88666202	174.94128929
2.06000000	317.86971266	174.96368635
2.07000000	317.85272616	174.98599848
2.08000000	317.83571280	175.00840609
2.09000000	317.81868178	175.03079815
2.10000000	317.80161673	175.05330305
2.11000000	317.78451186	175.07583418
2.12000000	317.76741174	175.09807308
2.13000000	317.75031733	175.12057651
2.14000000	317.73305417	175.14289459
2.15000000	317.71578658	175.16560597
2.16000000	317.69881435	175.18776778
2.17000000	317.68160050	175.21024492
2.18000000	317.66414278	175.23311733
2.19000000	317.64707797	175.25524185
2.20000000	317.62979413	175.27775859
2.21000000	317.61246281	175.30029866
2.22000000	317.59513932	175.32382680
2.23000000	317.57780108	175.34548075
2.24000000	317.56023780	175.36815660
2.25000000	317.54263370	175.39063257
2.26000000	317.52554245	175.41323355
2.27000000	317.50808748	175.43583339
2.28000000	317.49062222	175.45845961
2.29000000	317.47312452	175.48109534
2.30000000	317.45561990	175.50374958
2.31000000	317.43807793	175.52638789
2.32000000	317.42051213	175.54908088
2.33000000	317.40292365	175.57176176
2.34000000	317.38532021	175.59444798
2.35000000	317.36767779	175.61717519
2.36000000	317.34980591	175.63988053
2.37000000	317.33199407	175.66275888
2.38000000	317.31445220	175.68536639
2.39000000	317.29673472	175.70813332
2.40000000	317.27891858	175.73092697
2.41000000	317.26119708	175.75372095
2.42000000	317.24252108	175.77680162
2.43000000	317.22509327	175.80069618
2.44000000	317.20774123	175.82248314
2.45000000	317.18988019	175.84585082
2.46000000	317.17195022	175.86843690
2.47000000	317.15403981	175.89159869
2.48000000	317.13614241	175.91458020
2.49000000	317.11817769	175.93760269
2.50000000	317.10019222	175.96034206
2.51000000	317.08215721	175.98333502
2.52000000	317.06414922	176.00619539
2.53000000	317.04590668	176.02919256
2.54000000	317.02795396	176.05229722
2.55000000	317.00986354	176.07530353
2.56000000	316.99020142	176.09889719
2.57000000	316.97310566	176.13157468
2.58000000	316.95541679	176.14513350
2.59000000	316.93722076	176.16857680
2.60000000	316.91899587	176.19211239
2.61000000	316.90073594	176.21585010
2.62000000	316.88242899	176.24047099
2.63000000	316.86396589	176.26468830
2.64000000	316.84585032	176.28722907
2.65000000	316.82747776	176.31312528
2.66000000	316.80914947	176.33588666
2.67000000	316.79068973	176.35976104
2.68000000	316.77231001	176.38348835
2.69000000	316.75390119	176.40780980
2.70000000	316.73525922	176.43611990
2.71000000	316.71693887	176.45753050
2.72000000	316.69793512	176.48417936
2.73000000	316.67986355	176.50340966
2.74000000	316.66123557	176.52595593
2.75000000	316.64251251	176.54834948
2.76000000	316.62344901	176.57217785
2.77000000	316.60489443	176.59486411
2.78000000	316.58629538	176.61560443
2.79000000	316.56721359	176.63848136
2.80000000	316.54843819	176.66080173
2.81000000	316.52833376	176.70688338
2.82000000	316.50488552	176.74565214
2.83000000	316.47446607	176.77387983
2.84000000	316.44298642	176.75208253
2.85000000	316.41579695	176.78039405
2.86000000	316.43705173	176.79320667
2.87000000	316.41817957	176.81661133
2.88000000	316.39928298	176.84002987
2.89000000	316.38036193	176.86346228
2.90000000	316.36141627	176.88690849
2.91000000	316.34244544	176.91036847
2.92000000	316.32345151	176.93384224
2.93000000	316.30443266	176.95732856
2.94000000	316.28538930	176.98082638
2.95000000	316.26632120	177.00434225
2.96000000	316.24722681	177.02785926
2.97000000	316.22818845	177.05140251
2.98000000	316.20914091	177.07495982
2.99000000	316.19003216	177.09849656
3.00000000	316.17085174	177.12208207
3.01000000	316.15163641	177.14568095
3.02000000	316.13239611	177.16929425
3.03000000	316.11313164	177.19292141
3.04000000	316.09384183	177.21649729
3.05000000	316.07437330	177.24012934
3.06000000	316.05518869	177.26379308
3.07000000	316.03582290	177.28747648
3.08000000	316.01643589	177.31118300
3.09000000	315.99702148	177.33488638
3.10000000	315.97758773	177.35861230
3.11000000	315.95758632	177.38275123
3.12000000	315.93863524	177.40610657
3.13000000	315.91911346	177.42991610
3.14000000	315.89958242	177.45375992
3.15000000	315.87976463	177.47757784
3.16000000	315.86011414	177.50134124
3.17000000	315.84080805	177.52509135
3.18000000	315.82116887	177.54893109
3.19000000	315.80152731	177.57278564
3.20000000	315.78182200	177.59667466
3.21000000	315.76212316	177.62054150
3.22000000	315.74236288	177.64457553
3.23000000	315.72259796	177.66849915
3.24000000	315.70280732	177.69241046
3.25000000	315.68299160	177.71635343
3.26000000	315.66312317	177.74031529
3.27000000	315.64296059	177.76428562
3.28000000	315.62298179	177.78865263
3.29000000	315.60331754	177.81259035
3.30000000	315.58354176	177.83660234
3.31000000	315.56362972	177.86082277
3.32000000	315.54364155	177.88477115
3.33000000	315.52362366	177.90911644
3.34000000	315.50353995	177.93335851
3.35000000	315.48350689	177.95691238
3.36000000	315.46335765	177.98165510
3.37000000	315.44326133	178.00519341
3.38000000	315.42301236	178.02925042
3.39000000	315.40295789	178.05338819
3.40000000	315.38250094	178.07717327
3.41000000	315.36235108	178.10134797
3.42000000	315.34217091	178.12560646
3.43000000	315.32202614	178.14974223
3.44000000	315.30164259	178.17444751
3.45000000	315.28126076	178.19818758
3.46000000	315.26104975	178.22244613
3.47000000	315.24066703	178.24669959
3.48000000	315.22001649	178.27118039
3.49000000	315.19984125	178.29539661
3.50000000	315.17934414	178.31972891
3.51000000	315.15887252	178.34391059
3.52000000	315.13801669	178.36824905
3.53000000	315.11764179	178.39267751
3.54000000	315.09727482	178.41775317
3.55000000	315.07669019	178.44135622
3.56000000	315.05607979	178.46575316
3.57000000	315.03544322	178.49046087
3.58000000	315.01487567	178.51459588
3.59000000	314.99423908	178.53906669
3.60000000	314.97352381	178.56350014
3.61000000	314.95206549	178.58917264
3.62000000	314.93188279	178.61317750
3.63000000	314.91127065	178.63753516
3.64000000	314.89036015	178.66148395
3.65000000	314.86957927	178.68625593
3.66000000	314.84854315	178.71082801
3.67000000	314.82768722	178.73513259
3.68000000	314.80676470	178.75974242
3.69000000	314.78555266	178.78430495
3.70000000	314.76483121	178.80890823
3.71000000	314.74384498	178.83354744
3.72000000	314.72264076	178.85818414
3.73000000	314.70175988	178.88315659
3.74000000	314.68067981	178.90756740
3.75000000	314.65957179	178.93237655
3.76000000	314.63838515	178.95722592
3.77000000	314.61710733	178.98212664
3.78000000	314.59602762	179.00668300
3.79000000	314.57458024	179.03165390
3.80000000	314.55363802	179.05583605
3.81000000	314.53236861	179.08055190
3.82000000	314.51107468	179.10534117
3.83000000	314.48935722	179.13017750
3.84000000	314.46820228	179.15497906
3.85000000	314.44702628	179.17982467
3.86000000	314.42563896	179.20480677
3.87000000	314.40416032	179.23134654
3.88000000	314.38249484	179.25451926
3.89000000	314.36124738	179.27935556
3.90000000	314.33972099	179.30428095
3.91000000	314.31817155	179.32921473
3.92000000	314.29645654	179.35417081
3.93000000	314.27503125	179.37968490
3.94000000	314.25339031	179.40412390
3.95000000	314.23169385	179.42913375
3.96000000	314.21007849	179.45440285
3.97000000	314.18834900	179.47933852
3.98000000	314.16663929	179.50420021
3.99000000	314.14475566	179.52952934
4.00000000	314.12307936	179.55440902
4.01000000	314.10115098	179.57949262
4.02000000	314.07939750	179.60461432
4.03000000	314.05746996	179.62968231
4.04000000	314.03557391	179.65509627
4.05000000	314.01373598	179.68012379
4.06000000	313.99171022	179.70562433
4.07000000	313.96956209	179.73080428
4.08000000	313.94753011	179.75600853
4.09000000	313.92012735	179.78303409
4.10000000	313.90370532	179.81523348
4.11000000	313.88187721	179.83128398
4.12000000	313.85977012	179.85655770
4.13000000	313.83759412	179.88184707
4.14000000	313.81547308	179.90715135
4.15000000	313.79325980	179.93247644
4.16000000	313.77104871	179.95780360
4.17000000	313.74843452	179.98320069
4.18000000	313.72643490	180.00854216
4.19000000	313.70418756	180.03397055
4.20000000	313.68183226	180.05928894
4.21000000	313.65932558	180.08470501
4.22000000	313.63689375	180.11020274
4.23000000	313.61427252	180.13565444
4.24000000	313.59207945	180.16111515
4.25000000	313.56956004	180.18677439
4.26000000	313.54690866	180.21217816
4.27000000	313.52441516	180.23768456
4.28000000	313.50148533	180.26329596
4.29000000	313.47926260	180.28872985
4.30000000	313.45663856	180.31428095
4.31000000	313.43398009	180.33996739
4.32000000	313.41135967	180.36548110
4.33000000	313.38866098	180.39110544
4.34000000	313.36572623	180.41816443
4.35000000	313.34317627	180.44237906
4.36000000	313.32050558	180.46805038
4.37000000	313.29770091	180.49373152
4.38000000	313.27487071	180.51942576
4.39000000	313.25197597	180.54518909
4.40000000	313.22912466	180.57088758
4.41000000	313.20621074	180.59664619
4.42000000	313.18323592	180.62240701
4.43000000	313.16010169	180.64862005
4.44000000	313.13729534	180.67399943
4.45000000	313.11423414	180.69982121
4.46000000	313.09119054	180.72569256
4.47000000	313.06812471	180.75153154
4.48000000	313.04483158	180.77738725
4.49000000	313.02167491	180.80331547
4.50000000	312.99864715	180.82921449
4.51000000	312.97549515	180.85512534
4.52000000	312.95227432	180.88105283
4.53000000	312.92902033	180.90700768
4.54000000	312.90572579	180.93298377
4.55000000	312.88242028	180.95897505
4.56000000	312.85906121	180.98499785
4.57000000	312.83547686	181.01101335
4.58000000	312.81230612	181.03706100
4.59000000	312.78884725	181.06312020
4.60000000	312.76539682	181.08922079
4.61000000	312.74185852	181.11544591
4.62000000	312.71840624	181.14137550
4.63000000	312.69473613	181.16771118
4.64000000	312.67129678	181.19367288
4.65000000	312.64767314	181.22004692
4.66000000	312.62406112	181.24598974
4.67000000	312.60038208	181.27298899
4.68000000	312.57671080	181.29920889
4.69000000	312.55298576	181.32463922
4.70000000	312.52923864	181.35089328
4.71000000	312.50551858	181.37716461
4.72000000	312.48172633	181.40345103
4.73000000	312.45789073	181.42976011
4.74000000	312.43402673	181.45612666
4.75000000	312.41012047	181.48240687
4.76000000	312.38617290	181.50876686
4.77000000	312.36223325	181.53524506
4.78000000	312.33818681	181.56162655
4.79000000	312.31422812	181.58798978
4.80000000	312.29013933	181.61440819
4.81000000	312.26614572	181.64153241
4.82000000	312.24202874	181.66732447
4.83000000	312.21791756	181.69381530
4.84000000	312.19373656	181.72031330
4.85000000	312.16955220	181.74683449
4.86000000	312.14561058	181.77384368
4.87000000	312.12108545	181.80082892
4.88000000	312.09657710	181.82650203
4.89000000	312.07244627	181.85309568
4.90000000	312.04813834	181.87970514
4.91000000	312.02382725	181.90634012
4.92000000	311.99934926	181.93299285
4.93000000	311.97492905	181.96038806
4.94000000	311.95066628	181.98633517
4.95000000	311.92627851	182.01307701
4.96000000	311.90181930	182.03980184
4.97000000	311.87728068	182.06709329
4.98000000	311.85263284	182.09334592
4.99000000	311.82808266	182.12005435
5.00000000	311.80345665	182.14682989
5.01000000	311.77872176	182.17375632
5.02000000	311.75383631	182.20100551
5.03000000	311.72929050	182.22805482
5.04000000	311.70454267	182.25525952
5.05000000	311.67984095	182.28163992
5.06000000	311.65486412	182.30794010
5.07000000	311.63007814	182.33487294
5.08000000	311.60519697	182.36180657
5.09000000	311.58038676	182.38876946
5.10000000	311.55544810	182.41574689
5.11000000	311.53047038	182.44282046
5.12000000	311.50537011	182.46977878
5.13000000	311.48032211	182.49729428
5.14000000	311.45528862	182.52386474
5.15000000	311.42996453	182.55350737
5.16000000	311.40505229	182.57802874
5.17000000	311.37993286	182.60513998
5.18000000	311.35475318	182.63227190
5.19000000	311.32953859	182.65941965
5.20000000	311.30430087	182.68658820
5.21000000	311.27902893	182.71377638
5.22000000	311.25381176	182.74099046
5.23000000	311.22856821	182.76821704
5.24000000	311.20327466	182.79543161
5.25000000	311.17384274	182.82326831
5.26000000	311.15246566	182.84997660
5.27000000	311.12704407	182.87728285
5.28000000	311.10157594	182.90459778
5.29000000	311.07606158	182.93197107
5.30000000	311.05052256	182.95929810
5.31000000	311.02494030	182.98679614
5.32000000	310.99933988	183.01407252
5.33000000	310.97369268	183.04152369
5.34000000	310.94799832	183.06892765
5.35000000	310.92228990	183.09655946
5.36000000	310.89656522	183.12394862
5.37000000	310.87079321	183.15135826
5.38000000	310.84498975	183.17886390
5.39000000	310.81924938	183.20640625
5.40000000	310.79337857	183.23396024
5.41000000	310.76748933	183.26152265
5.42000000	310.74155994	183.28911463
5.43000000	310.71559895	183.31672668
5.44000000	310.68960646	183.34435874
5.45000000	310.66357571	183.37201542
5.46000000	310.63752640	183.39968133
5.47000000	310.61140947	183.42737227
5.48000000	310.58526833	183.45508247
5.49000000	310.55907569	183.48281292
5.50000000	310.53288982	183.51059815
5.51000000	310.50667895	183.53833445
5.52000000	310.48043269	183.56612400
5.53000000	310.45415609	183.59393297
5.54000000	310.42784560	183.62176275
5.55000000	310.40150358	183.64961313
5.56000000	310.37501540	183.67748332
5.57000000	310.34872419	183.70533980
5.58000000	310.32228607	183.73328397
5.59000000	310.29581562	183.76076384
5.60000000	310.26931338	183.78871153
5.61000000	310.24287019	183.81674006
5.62000000	310.21633791	183.84467869
5.63000000	310.18968611	183.87268486
5.64000000	310.16311149	183.90071601
5.65000000	310.13644745	183.92876799
5.66000000	310.10975065	183.95684054
5.67000000	310.08302229	183.98493330
5.68000000	310.05626170	184.01304734
5.69000000	310.02946808	184.04118080
5.70000000	310.00264133	184.06933456
5.71000000	309.97576066	184.09750938
5.72000000	309.94889189	184.12570595
5.73000000	309.92193467	184.15392400
5.74000000	309.89501116	184.18215742
5.75000000	309.86802191	184.21041473
5.76000000	309.84099960	184.23869281
5.77000000	309.81394442	184.26699224
5.78000000	309.78685689	184.29531122
5.79000000	309.75973618	184.32365176
5.80000000	309.73258251	184.35201292
5.81000000	309.70539531	184.38039475
5.82000000	309.67817571	184.40879787
5.83000000	309.65092236	184.43722272
5.84000000	309.62363770	184.46567229
5.85000000	309.59631911	184.49413277
5.86000000	309.56896701	184.52261972
5.87000000	309.54158187	184.55112763
5.88000000	309.51416339	184.57965688
5.89000000	309.48671174	184.60820716
5.90000000	309.45922413	184.63678545
5.91000000	309.43170810	184.66537188
5.92000000	309.40415634	184.69398693
5.93000000	309.37657127	184.72263309
5.94000000	309.34895254	184.75127758
5.95000000	309.32130026	184.77995548
5.96000000	309.29361452	184.80865865
5.97000000	309.26589288	184.83739637
5.98000000	309.23814199	184.86611833
5.99000000	309.21035404	184.89488223
6.00000000	309.18253502	184.92366734
6.01000000	309.15465644	184.95247887
6.02000000	309.12679274	184.98130293
6.03000000	309.09887094	185.01015423
6.04000000	309.07091542	185.03902514
6.05000000	309.04292544	185.06791859
6.06000000	309.01490124	185.09683428
6.07000000	308.98684408	185.12577139
6.08000000	308.95875307	185.15473103
6.09000000	308.93062695	185.18371118
6.10000000	308.90246674	185.21271684
6.11000000	308.87427353	185.24173936
6.12000000	308.84604523	185.27078512
6.13000000	308.81778245	185.29985382
6.14000000	308.78948614	185.32894857
6.15000000	308.76115516	185.35806279
6.16000000	308.73278955	185.38719244
6.17000000	308.70438963	185.41634978
6.18000000	308.67595543	185.44552899
6.19000000	308.64748676	185.47473053
6.20000000	308.61898344	185.50395439
6.21000000	308.59044545	185.53320195
6.22000000	308.56187293	185.56246971
6.23000000	308.53326563	185.59176036
6.24000000	308.50462374	185.62111866
6.25000000	308.47594604	185.65040914
6.26000000	308.44723549	185.67976735
6.27000000	308.41848884	185.70915076
6.28000000	308.38970817	185.73855164
6.29000000	308.36089216	185.76797768
6.30000000	308.33204084	185.79742631
6.31000000	308.30315507	185.82689769
6.32000000	308.27384190	185.85684630
6.33000000	308.24527778	185.88590864
6.34000000	308.21628564	185.91544832
6.35000000	308.18725879	185.94501090
6.36000000	308.15819817	185.97459799
6.37000000	308.12910105	186.00420525
6.38000000	308.09996885	186.03383618
6.39000000	308.07080123	186.06349058
6.40000000	308.04159801	186.09317263
6.41000000	308.01235568	186.12286800
6.42000000	307.98308519	186.15259157
6.43000000	307.95377384	186.18233828
6.44000000	307.92443093	186.21210821
6.45000000	307.89505000	186.24190306
6.46000000	307.86563348	186.27174941
6.47000000	307.83618067	186.30155906
6.48000000	307.80669369	186.33142102
6.49000000	307.77716983	186.36130803
6.50000000	307.74760918	186.39121956
6.51000000	307.71768854	186.42139430
6.52000000	307.68838342	186.45110795
6.53000000	307.65871574	186.48108882
6.54000000	307.62901242	186.51109273
6.55000000	307.59927230	186.54112299
6.56000000	307.56949700	186.57117441
6.57000000	307.53968431	186.60124772
6.58000000	307.50983698	186.63134675
6.59000000	307.47994738	186.66146965
6.60000000	307.45003097	186.69161705
6.61000000	307.42007396	186.72178744
6.62000000	307.39008064	186.75198185
6.63000000	307.36004661	186.78237237
6.64000000	307.32998414	186.81244323
6.65000000	307.29988061	186.84271197
6.66000000	307.26974102	186.87300099
6.67000000	307.23956444	186.90331616
6.68000000	307.20935104	186.93365593
6.69000000	307.17910129	186.96401933
6.70000000	307.14881443	186.99441244
6.71000000	307.11849069	187.02482010
6.72000000	307.08812897	187.05525768
6.73000000	307.05773240	187.08571751
6.74000000	307.02729770	187.11620352
6.75000000	306.99682544	187.14671556
6.76000000	306.96631252	187.17725402
6.77000000	306.93577132	187.20780659
6.78000000	306.90518801	187.23839070
6.79000000	306.87456762	187.26899926
6.80000000	306.84390961	187.29963263
6.81000000	306.81321462	187.33029091
6.82000000	306.78248197	187.36097505
6.83000000	306.75171171	187.39168211
6.84000000	306.72090423	187.42241585
6.85000000	306.69005893	187.45317305
6.86000000	306.65917647	187.48395555
6.87000000	306.62825593	187.51476372
6.88000000	306.59729764	187.54559686
6.89000000	306.56630155	187.57645499
6.90000000	306.53526787	187.60733832
6.91000000	306.50416741	187.63824692
6.92000000	306.47307420	187.66918102
6.93000000	306.44193827	187.70014037
6.94000000	306.41075339	187.73112715
6.95000000	306.37952993	187.76213557
6.96000000	306.34826764	187.79317118
6.97000000	306.31696755	187.82424032
6.98000000	306.28562977	187.85531935
6.99000000	306.25425321	187.88643236
7.00000000	306.22283771	187.91756988
7.01000000	306.19138498	187.94873512
7.02000000	306.15989258	187.97992396
7.03000000	306.12836283	188.01113944
7.04000000	306.09679341	188.04238041
7.05000000	306.06512731	188.07365110
7.06000000	306.03354038	188.10494113
7.07000000	306.00185491	188.13626039
7.08000000	305.97013028	188.16760580
7.09000000	305.93836967	188.19898126
7.10000000	305.90656449	188.23039595
7.11000000	305.87472656	188.26179957
7.12000000	305.84284861	188.29325037
7.13000000	305.81093046	188.32472869
7.14000000	305.77897250	188.35622909
7.15000000	305.74697658	188.38775855
7.16000000	305.71493999	188.41931403
7.17000000	305.68286568	188.45089750
7.18000000	305.65062242	188.48250500
7.19000000	305.61859505	188.51414054
7.20000000	305.58640454	188.54580286
7.21000000	305.55417186	188.57749182
7.22000000	305.52189970	188.60920744
7.23000000	305.48956260	188.64096538
7.24000000	305.45723543	188.67271940
7.25000000	305.42484505	188.70451578
7.26000000	305.39240921	188.73633920
7.27000000	305.35994336	188.76818949
7.28000000	305.32743229	188.80006709
7.29000000	305.29488168	188.83197253
7.30000000	305.26229152	188.86390386
7.31000000	305.22966094	188.89586262
7.32000000	305.19699022	188.92784903
7.33000000	305.16427823	188.95986265
7.34000000	305.13152811	188.99190401
7.35000000	305.09873579	189.02397508
7.36000000	305.06590473	189.05606867
7.37000000	305.03303238	189.08819218
7.38000000	305.00011938	189.12034406
7.39000000	304.96716661	189.15252250
7.40000000	304.93417284	189.18472965
7.41000000	304.90113810	189.21696428
7.42000000	304.86806332	189.24922621
7.43000000	304.83494733	189.28151653
7.44000000	304.80179061	189.31383527
7.45000000	304.76859319	189.34618164
7.46000000	304.73535433	189.37855520
7.47000000	304.70207344	189.41095786
7.48000000	304.66875304	189.44338817
7.49000000	304.63539281	189.47584879
7.50000000	304.60198982	189.50833461
7.51000000	304.56854562	189.54084984
7.52000000	304.53505985	189.57339359
7.53000000	304.50153324	189.60596572
7.54000000	304.46796517	189.63856756
7.55000000	304.43435541	189.67119600
7.56000000	304.40070412	189.70385646
7.57000000	304.36700998	189.73654141
7.58000000	304.33327663	189.76925699
7.59000000	304.29950019	189.80200049
7.60000000	304.26568177	189.83477362
7.61000000	304.23182213	189.86757636
7.62000000	304.19791664	189.90040682
7.63000000	304.16397593	189.93326700
7.64000000	304.12999027	189.96615631
7.65000000	304.09596211	189.99907470
7.66000000	304.06189173	190.03202201
7.67000000	304.02777795	190.06499882
7.68000000	303.99362440	190.09800512
7.69000000	303.95942715	190.13104057
7.70000000	303.92518746	190.16410581
7.71000000	303.89090329	190.19720005
7.72000000	303.85658048	190.23032509
7.73000000	303.82217181	190.26353670
7.74000000	303.78779977	190.29666132
7.75000000	303.75334943	190.32987448
7.76000000	303.71885242	190.36311856
7.77000000	303.68431568	190.39639111
7.78000000	303.64973363	190.42969346
7.79000000	303.61510938	190.46302705
7.80000000	303.58043838	190.49639370
7.81000000	303.54573073	190.52978245
7.82000000	303.51097350	190.56321634
7.83000000	303.47617909	190.59665889
7.84000000	303.44133698	190.63014289
7.85000000	303.40645388	190.66365750
7.86000000	303.37152600	190.69720161
7.87000000	303.33655466	190.73077683
7.88000000	303.30153961	190.76443070
7.89000000	303.26647984	190.79802378
7.90000000	303.23137826	190.83168610
7.91000000	303.19623139	190.86538431
7.92000000	303.16104137	190.89911297
7.93000000	303.12580722	190.93289331
7.94000000	303.09052878	190.96666365
7.95000000	303.05520627	191.00049575
7.96000000	303.01979604	191.03433734
7.97000000	302.98442844	191.06822120
7.98000000	302.94897301	191.10213884
7.99000000	302.91347341	191.13608264
8.00000000	302.87792863	191.17006162
8.01000000	302.84233949	191.20406964
8.02000000	302.80670664	191.23811271
8.03000000	302.77102680	191.27219708
8.04000000	302.73530405	191.30628662
8.05000000	302.69953755	191.34042232
8.06000000	302.66372343	191.37458992
8.07000000	302.62786721	191.40878875
8.08000000	302.59196454	191.44301989
8.09000000	302.55601617	191.47728301
8.10000000	302.52002113	191.51157825
8.11000000	302.48398496	191.54600551
8.12000000	302.44790111	191.58026506
8.13000000	302.41177189	191.61465661
8.14000000	302.37552372	191.64914545
8.15000000	302.33937624	191.68353851
8.16000000	302.30310991	191.71802602
8.17000000	302.26679868	191.75254758
8.18000000	302.23044067	191.78710180
8.19000000	302.19403756	191.82168829
8.20000000	302.15758786	191.85630820
8.21000000	302.12109254	191.89096021
8.22000000	302.08455052	191.92564602
8.23000000	302.04796303	191.96036482
8.24000000	302.01132882	191.99511566
8.25000000	301.97464830	192.02989928
8.26000000	301.93792060	192.06471693
8.27000000	301.90114779	192.09956772
8.28000000	301.86432782	192.13445192
8.29000000	301.82746113	192.16936957
8.30000000	301.79054711	192.20432129
8.31000000	301.75358721	192.23930644
8.32000000	301.71657834	192.27432473
8.33000000	301.67952508	192.30937568
8.34000000	301.64242452	192.34446155
8.35000000	301.60527608	192.37958117
8.36000000	301.56808032	192.41473582
8.37000000	301.53083737	192.44993387
8.38000000	301.49354659	192.48514486
8.39000000	301.45620861	192.52040009
8.40000000	301.41882310	192.55569047
8.41000000	301.38139045	192.59101593
8.42000000	301.34390872	192.62637376
8.43000000	301.30638111	192.66176699
8.44000000	301.26880461	192.69719498
8.45000000	301.23117969	192.73265754
8.46000000	301.19350753	192.76815487
8.47000000	301.15578295	192.80368801
8.48000000	301.11801768	192.83925410
8.49000000	301.08019906	192.87485603
8.50000000	301.04233374	192.91049502
8.51000000	301.00441939	192.94616523
8.52000000	300.96645793	192.98187407
8.53000000	300.92844628	193.01761559
8.54000000	300.89038552	193.05339348
8.55000000	300.85227780	193.08920694
8.56000000	300.81412002	193.12505575
8.57000000	300.77591318	193.16094043
8.58000000	300.73765694	193.19686076
8.59000000	300.69935059	193.23281728
8.60000000	300.66099761	193.26880930
8.61000000	300.62259385	193.30483690
8.62000000	300.58414060	193.34090077
8.63000000	300.54563813	193.37700099
8.64000000	300.50708578	193.41313720
8.65000000	300.46848319	193.44930990
8.66000000	300.42983176	193.48551901
8.67000000	300.39093122	193.52176746
8.68000000	300.35237819	193.55804628
8.69000000	300.31357667	193.59436526
8.70000000	300.27472474	193.63072058
8.71000000	300.23582233	193.66711273
8.72000000	300.19657129	193.70354159
8.73000000	300.15786663	193.74000802
8.74000000	300.11881346	193.77651091
8.75000000	300.07970805	193.81305127
8.76000000	300.04055362	193.84962958
8.77000000	300.00134390	193.88624358
8.78000000	299.96209174	193.92289591
8.79000000	299.92278453	193.95958631
8.80000000	299.88342538	193.99631326
8.81000000	299.84384588	194.03330043
8.82000000	299.80455296	194.06988146
8.83000000	299.76504205	194.10672269
8.84000000	299.72547754	194.14360128
8.85000000	299.68585854	194.18051813
8.86000000	299.64619198	194.21747334
8.87000000	299.60647584	194.25446806
8.88000000	299.56670487	194.29149835
8.89000000	299.52688191	194.32856898
8.90000000	299.48700625	194.36567752
8.91000000	299.44707918	194.40282470
8.92000000	299.40709630	194.44002887
8.93000000	299.36706825	194.47723594
8.94000000	299.32698377	194.51449942
8.95000000	299.28684653	194.55180264
8.96000000	299.24657185	194.58914428
8.97000000	299.20641408	194.62652565
8.98000000	299.16611443	194.66394640
8.99000000	299.12577135	194.70140603
9.00000000	299.08537028	194.73890548
9.01000000	299.04491561	194.77644447
9.02000000	299.00440464	194.81402373
9.03000000	298.96384673	194.85164180
9.04000000	298.92323216	194.88930094
9.05000000	298.88256385	194.92699878
9.06000000	298.84184183	194.96473902
9.07000000	298.80106578	195.00251645
9.08000000	298.76023625	195.04033586
9.09000000	298.71935249	195.07819527
9.10000000	298.67841034	195.11609850
9.11000000	298.63742065	195.15403782
9.12000000	298.59637541	195.19201718
9.13000000	298.55496507	195.23003927
9.14000000	298.51411946	195.26810240
9.15000000	298.47290934	195.30620890
9.16000000	298.43164373	195.34435349
9.17000000	298.39032404	195.38253896
9.18000000	298.34894847	195.42076672
9.19000000	298.30751784	195.45903691
9.20000000	298.26562649	195.49736661
9.21000000	298.22449381	195.53569974
9.22000000	298.18289757	195.57409533
9.23000000	298.14124491	195.61253050
9.24000000	298.09953883	195.65100887
9.25000000	298.05777591	195.68952939
9.26000000	298.01595689	195.72809207
9.27000000	297.97408161	195.76669720
9.28000000	297.93215065	195.80534466
9.29000000	297.89016305	195.84403468
9.30000000	297.84755646	195.88276738
9.31000000	297.80601881	195.92154295
9.32000000	297.76385923	195.96036133
9.33000000	297.72164886	195.99922459
9.34000000	297.67937836	196.03812736
9.35000000	297.63705107	196.07707498
9.36000000	297.59466640	196.11606613
9.37000000	297.55222461	196.15510068
9.38000000	297.50972501	196.19417926
9.39000000	297.46716964	196.23330068
9.40000000	297.42455528	196.27246642
9.41000000	297.38188415	196.31167638
9.42000000	297.33915446	196.35093281
9.43000000	297.29636653	196.39022757
9.44000000	297.25352190	196.42957041
9.45000000	297.21061805	196.46895648
9.46000000	297.16765354	196.50838740
9.47000000	297.12463605	196.54788096
9.48000000	297.08155707	196.58738372
9.49000000	297.03841901	196.62694945
9.50000000	296.99522298	196.66655941
9.51000000	296.95196434	196.70621751
9.52000000	296.90865360	196.74591643
9.53000000	296.86527506	196.78566833
9.54000000	296.82184719	196.82545399
9.55000000	296.77835423	196.86529118
9.56000000	296.73480277	196.90517434
9.57000000	296.69119053	196.94510613
9.58000000	296.64752000	196.98507943
9.59000000	296.60378794	197.02509962
9.60000000	296.55999649	197.06516721
9.61000000	296.51614465	197.10528144
9.62000000	296.47223247	197.14544144
9.63000000	296.42826054	197.18564877
9.64000000	296.38422746	197.22590689
9.65000000	296.34013348	197.26620319
9.66000000	296.29597869	197.30655098
9.67000000	296.25176288	197.34697118
9.68000000	296.20748557	197.38738842
9.69000000	296.16314732	197.42787820
9.70000000	296.11874755	197.46841564
9.71000000	296.07395782	197.50955439
9.72000000	296.02976287	197.54963417
9.73000000	295.98517614	197.59031465
9.74000000	295.94053074	197.63104377
9.75000000	295.89582110	197.67182130
9.76000000	295.85104993	197.71264700
9.77000000	295.80621591	197.75352130
9.78000000	295.76131929	197.79444484
9.79000000	295.71635789	197.83541618
9.80000000	295.67133651	197.87643790
9.81000000	295.62625118	197.91750702
9.82000000	295.58110392	197.95862623
9.83000000	295.53589180	197.99979526
9.84000000	295.49060989	198.04101304
9.85000000	295.44527270	198.08230854
9.86000000	295.39987523	198.12359855
9.87000000	295.35440788	198.16496620
9.88000000	295.30887795	198.20639123
9.89000000	295.26328330	198.24785238
9.90000000	295.21762408	198.28937062
9.91000000	295.17190030	198.33093978
9.92000000	295.12611192	198.37256027
9.93000000	295.08025868	198.41423056
9.94000000	295.03434008	198.45595226
9.95000000	294.98835709	198.49772457
9.96000000	294.94230815	198.53954875
9.97000000	294.89616054	198.58143161
9.98000000	294.85001438	198.62335166
9.99000000	294.80376900	198.66533081
10.00000000	294.75745757	198.70736173
10.01000000	294.71108005	198.74944560
10.02000000	294.66463608	198.79158043
10.03000000	294.61812596	198.83377149
10.04000000	294.57154913	198.87600838
10.05000000	294.52490543	198.91830190
10.06000000	294.47819533	198.96064751
10.07000000	294.43141746	199.00304667
10.08000000	294.38457302	199.04549905
10.09000000	294.33766096	199.08800502
10.10000000	294.29068121	199.13056553
10.11000000	294.24363377	199.17317649
10.12000000	294.19651836	199.21584322
10.13000000	294.14933419	199.25856473
10.14000000	294.10208320	199.30133899
10.15000000	294.05475460	199.34416839
10.16000000	294.00737423	199.38705260
10.17000000	293.95991560	199.42999262
10.18000000	293.91238855	199.47299064
10.19000000	293.86479488	199.51603312
10.20000000	293.81712892	199.55913806
10.21000000	293.76939561	199.60229600
10.22000000	293.72158779	199.64551077
10.23000000	293.67371758	199.68878145
10.24000000	293.62577363	199.73210777
10.25000000	293.57776008	199.77549084
10.26000000	293.52967569	199.81892934
10.27000000	293.48152054	199.86242458
10.28000000	293.43329053	199.90597730
10.29000000	293.38499679	199.94958540
10.30000000	293.33660266	199.99352471
10.31000000	293.28819187	200.03697402
10.32000000	293.23968142	200.08075972
10.33000000	293.19109925	200.12459242
10.34000000	293.14244509	200.16848794
10.35000000	293.09371915	200.21244145
10.36000000	293.04492078	200.25645309
10.37000000	292.99604963	200.30052375
10.38000000	292.94710658	200.34465156
10.39000000	292.89809034	200.38883879
10.40000000	292.84900065	200.43308471
10.41000000	292.79983868	200.47739265
10.42000000	292.75060135	200.52175526
10.43000000	292.70129314	200.56617858
10.44000000	292.65190897	200.61066164
10.45000000	292.60245018	200.65524939
10.46000000	292.55292082	200.69980893
10.47000000	292.50331507	200.74447206
10.48000000	292.45363444	200.78919586
10.49000000	292.40387825	200.83398058
10.50000000	292.35404860	200.87882616
10.51000000	292.30414236	200.92373282
10.52000000	292.25416075	200.96870098
10.53000000	292.20410402	201.01373122
10.54000000	292.15397015	201.05882122
10.55000000	292.10376273	201.10397488
10.56000000	292.05347727	201.14918914
10.57000000	292.00311656	201.19446728
10.58000000	291.95267824	201.23980707
10.59000000	291.90216272	201.28520902
10.60000000	291.85157031	201.33067455
10.61000000	291.80090019	201.37620316
10.62000000	291.75015117	201.42179523
10.63000000	291.69932802	201.46745091
10.64000000	291.64842461	201.51317047
10.65000000	291.59744299	201.55895404
10.66000000	291.54638290	201.60480170
10.67000000	291.49524401	201.65072509
10.68000000	291.44402616	201.69671824
10.69000000	291.39272915	201.74274556
10.70000000	291.34135267	201.78884003
10.71000000	291.28989640	201.83501248
10.72000000	291.23835991	201.88125086
10.73000000	291.18674453	201.92755461
10.74000000	291.13504802	201.97392561
10.75000000	291.08327090	202.02036085
10.76000000	291.03141299	202.06686431
10.77000000	290.97947395	202.11343336
10.78000000	290.92745300	202.16007007
10.79000000	290.87535071	202.20677430
10.80000000	290.82316743	202.25354554
10.81000000	290.77090217	202.30038535
10.82000000	290.71855266	202.34729845
10.83000000	290.66612372	202.39426750
10.84000000	290.61361057	202.44131161
10.85000000	290.56101319	202.48842710
10.86000000	290.50833426	202.53560607
10.87000000	290.45557070	202.58285684
10.88000000	290.40272402	202.63017728
10.89000000	290.34979248	202.67756854
10.90000000	290.29677735	202.72502766
10.91000000	290.24367724	202.77255812
10.92000000	290.19049222	202.82015908
10.93000000	290.13715348	202.86783904
10.94000000	290.08386663	202.91557364
10.95000000	290.03042546	202.96338827
10.96000000	289.97689838	203.01127458
10.97000000	289.92328497	203.05923137
10.98000000	289.86958543	203.10726088
10.99000000	289.81579593	203.15536267
11.00000000	289.76192551	203.20353819
11.01000000	289.70796437	203.25178562
11.02000000	289.65391606	203.30010594
11.03000000	289.59977896	203.34850071
11.04000000	289.54555567	203.39696819
11.05000000	289.49123471	203.44551021
11.06000000	289.43684127	203.49412672
11.07000000	289.38235060	203.54281771
11.08000000	289.32777031	203.59158394
11.09000000	289.27309311	203.64042849
11.10000000	289.21834192	203.68934213
11.11000000	289.16349220	203.73833372
11.12000000	289.10854636	203.78740565
11.13000000	289.05352070	203.83654716
11.14000000	288.99839785	203.88576851
11.15000000	288.94318650	203.93506687
11.16000000	288.88786556	203.98444259
11.17000000	288.83248403	204.03389590
11.18000000	288.77699535	204.08342728
11.19000000	288.72141327	204.13303649
11.20000000	288.66573833	204.18272419
11.21000000	288.60997065	204.23249070
11.22000000	288.55410914	204.28233810
11.23000000	288.49815290	204.33226722
11.24000000	288.44210400	204.38226662
11.25000000	288.38595946	204.43235160
11.26000000	288.32972049	204.48251693
11.27000000	288.27338517	204.53276309
11.28000000	288.21695139	204.58309184
11.29000000	288.16043100	204.63349881
11.30000000	288.10380855	204.68398911
11.31000000	288.04709015	204.73456132
11.32000000	287.99027562	204.78521617
11.33000000	287.93336323	204.83595344
11.34000000	287.87635274	204.88677383
11.35000000	287.81924457	204.93767895
11.36000000	287.76203932	204.98866560
11.37000000	287.70473460	205.03973700
11.38000000	287.64733096	205.09089318
11.39000000	287.58982788	205.14213412
11.40000000	287.53222494	205.19346056
11.41000000	287.47452288	205.24487204
11.42000000	287.41671978	205.29636944
11.43000000	287.35881604	205.34797600
11.44000000	287.30081075	205.39962359
11.45000000	287.24270381	205.45138099
11.46000000	287.18449638	205.50322569
11.47000000	287.12618047	205.55516045
11.48000000	287.06777269	205.60717946
11.49000000	287.00924780	205.65929670
11.50000000	286.95063705	205.71149331
11.51000000	286.89191256	205.76377250
11.52000000	286.83308624	205.81614976
11.53000000	286.77415415	205.86861538
11.54000000	286.71509113	205.92117245
11.55000000	286.65597457	205.97382064
11.56000000	286.59672207	206.02655939
11.57000000	286.53737145	206.07939006
11.58000000	286.47791120	206.13231274
11.59000000	286.41834345	206.18532821
11.60000000	286.35866816	206.23843577
11.61000000	286.29888498	206.29163696
11.62000000	286.23899237	206.34493180
11.63000000	286.17899327	206.39832076
11.64000000	286.11888464	206.45180397
11.65000000	286.05866563	206.50538229
11.66000000	285.99833736	206.55905612
11.67000000	285.93789854	206.61282549
11.68000000	285.87722141	206.66679000
11.69000000	285.81668772	206.72065353
11.70000000	285.75591482	206.77471419
11.71000000	285.69502982	206.82887003
11.72000000	285.63403267	206.88312479
11.73000000	285.57292204	206.93747815
11.74000000	285.51169801	206.99193049
11.75000000	285.45035877	207.04648217
11.76000000	285.38890737	207.10113370
11.77000000	285.32733978	207.15588601
11.78000000	285.26565705	207.21073812
11.79000000	285.20385798	207.26569202
11.80000000	285.14194304	207.32074766
11.81000000	285.07991013	207.37590556
11.82000000	285.01776138	207.43116565
11.83000000	284.95549483	207.48652937
11.84000000	284.89310926	207.54199689
11.85000000	284.83060513	207.59756800
11.86000000	284.76798160	207.65324465
11.87000000	284.70523769	207.70902551
11.88000000	284.64236954	207.76491240
11.89000000	284.57938876	207.82090558
11.90000000	284.51628332	207.87700583
11.91000000	284.45305582	207.93321305
11.92000000	284.38970521	207.98952776
11.93000000	284.32623217	208.04595090
11.94000000	284.26263491	208.10248271
11.95000000	284.19891440	208.15912419
11.96000000	284.13506894	208.21587700
11.97000000	284.07109795	208.27273721
11.98000000	284.00700172	208.32970996
11.99000000	283.94277922	208.38679456
12.00000000	283.87842980	208.44399083
12.01000000	283.81395290	208.50130081
12.02000000	283.74934794	208.55872291
12.03000000	283.68461477	208.61625877
12.04000000	283.61975204	208.67390970
12.05000000	283.55475922	208.73167515
12.06000000	283.48963733	208.78955742
12.07000000	283.42438377	208.84755403
12.08000000	283.35899665	208.90566841
12.09000000	283.29348145	208.96390057
12.10000000	283.22783075	209.02224997
12.11000000	283.16057928	209.08249144
12.12000000	283.09612921	209.13930654
12.13000000	283.03007650	209.19801631
12.14000000	282.96388939	209.25684310
12.15000000	282.89756534	209.31579182
12.16000000	282.83110551	209.37486408
12.17000000	282.76450805	209.43405713
12.18000000	282.69777203	209.49337421
12.19000000	282.63089882	209.55281514
12.20000000	282.56388569	209.61238019
12.21000000	282.49673229	209.67207051
12.22000000	282.42943913	209.73188871
12.23000000	282.36200413	209.79182974
12.24000000	282.29442742	209.85189951
12.25000000	282.22670791	209.91209738
12.26000000	282.15884495	209.97242451
12.27000000	282.09083788	210.03287969
12.28000000	282.02268588	210.09346589
12.29000000	281.95438835	210.15418242
12.30000000	281.88594485	210.21503044
12.31000000	281.81735348	210.27601086
12.32000000	281.74861444	210.33712579
12.33000000	281.67972784	210.39837142
12.34000000	281.61069191	210.45975304
12.35000000	281.54150499	210.52127026
12.36000000	281.47216644	210.58292304
12.37000000	281.40267877	210.64471293
12.38000000	281.33303724	210.70664065
12.39000000	281.26323697	210.76871740
12.40000000	281.19329315	210.83091419
12.41000000	281.12318969	210.89325742
12.42000000	281.05293022	210.95575676
12.43000000	280.98251410	211.01837109
12.44000000	280.91194068	211.08114250
12.45000000	280.84120895	211.14405561
12.46000000	280.77031722	211.20711537
12.47000000	280.69926738	211.27057179
12.48000000	280.62805568	211.33366620
12.49000000	280.55668213	211.39716237
12.50000000	280.48514634	211.46080629
12.51000000	280.41344326	211.52460555
12.52000000	280.34158194	211.58854136
12.53000000	280.26955343	211.65263382
12.54000000	280.19735725	211.71687840
12.55000000	280.12499469	211.78127494
12.56000000	280.05246370	211.84582459
12.57000000	279.97976365	211.91052852
12.58000000	279.90689328	211.97538783
12.59000000	279.83385149	212.04040339
12.60000000	279.76063827	212.10557610
12.61000000	279.68725159	212.17090731
12.62000000	279.61369071	212.23639760
12.63000000	279.53995499	212.30205371
12.64000000	279.46604283	212.36785966
12.65000000	279.39195154	212.43383866
12.66000000	279.31768581	212.49997131
12.67000000	279.24323915	212.56627336
12.68000000	279.16861186	212.63274071
12.69000000	279.09380312	212.69937439
12.70000000	279.01881205	212.76617613
12.71000000	278.94363390	212.83314708
12.72000000	278.86827651	212.90030402
12.73000000	278.79273056	212.96759882
12.74000000	278.71699735	213.03508242
12.75000000	278.64107586	213.10273957
12.76000000	278.56496079	213.17058238
12.77000000	278.48865838	213.23857855
12.78000000	278.41216988	213.30676337
12.79000000	278.33548296	213.37512618
12.80000000	278.25860167	213.44366873
12.81000000	278.18152543	213.51239073
12.82000000	278.10425213	213.58129540
12.83000000	278.02678031	213.65038479
12.84000000	277.94910801	213.71965645
12.85000000	277.87123734	213.78911369
12.86000000	277.79316357	213.85875785
12.87000000	277.71488584	213.92859266
12.88000000	277.63640335	213.99861903
12.89000000	277.55771725	214.06883078
12.90000000	277.47882021	214.13923839
12.91000000	277.39971584	214.20983842
12.92000000	277.32013813	214.28064449
12.93000000	277.24087431	214.35163001
12.94000000	277.16113403	214.42282123
12.95000000	277.08117913	214.49421291
12.96000000	277.00100812	214.56580521
12.97000000	276.92061984	214.63760073
12.98000000	276.84001195	214.70960025
12.99000000	276.75918319	214.78180696
13.00000000	276.67813186	214.85421902
13.01000000	276.59685639	214.92684091
13.02000000	276.51535497	214.99967755
13.03000000	276.43363433	215.07271839
13.04000000	276.35167129	215.14597771
13.05000000	276.26948397	215.21945090
13.06000000	276.18706396	215.29314255
13.07000000	276.10441063	215.36705300
13.08000000	276.02152118	215.44118388
13.09000000	275.93839197	215.51553756
13.10000000	275.85502853	215.59011535
13.11000000	275.77141998	215.66492602
13.12000000	275.68758511	215.73995111
13.13000000	275.60347567	215.81521256
13.14000000	275.51914931	215.89070585
13.15000000	275.43454403	215.96643256
13.16000000	275.34970415	216.04239589
13.17000000	275.26461093	216.11859449
13.18000000	275.17926355	216.19504214
13.19000000	275.09365897	216.27171492
13.20000000	275.00779672	216.34863875
13.21000000	274.92167930	216.42580798
13.22000000	274.83528706	216.50323007
13.23000000	274.74863602	216.58089367
13.24000000	274.66171830	216.65880340
13.25000000	274.57453092	216.73698609
13.26000000	274.48707856	216.81541617
13.27000000	274.39933955	216.89410313
13.28000000	274.31133076	216.97304611
13.29000000	274.22305589	217.05226837
13.30000000	274.13447569	217.13174704
13.31000000	274.04562753	217.21149463
13.32000000	273.95646182	217.29152137
13.33000000	273.86707078	217.37180205
13.34000000	273.77734681	217.45236835
13.35000000	273.68733842	217.53319373
13.36000000	273.59703292	217.61433811
13.37000000	273.50643091	217.69574692
13.38000000	273.41552683	217.77744149
13.39000000	273.32431840	217.85940925
13.40000000	273.23289392	217.94166497
13.41000000	273.14097995	218.02426895
13.42000000	273.04884359	218.10709685
13.43000000	272.95641497	218.19027783
13.44000000	272.86362225	218.27377160
13.45000000	272.77062833	218.35754751
13.46000000	272.67711618	218.44163197
13.47000000	272.58338515	218.52602923
13.48000000	272.48929955	218.61074192
13.49000000	272.39489132	218.69577319
13.50000000	272.30015061	218.78112579
13.51000000	272.20506540	218.86677874
13.52000000	272.10916324	218.95316095
13.53000000	272.01384555	219.03916633
13.54000000	271.91773961	219.12582208
13.55000000	271.82126035	219.21271777
13.56000000	271.72442536	219.30003971
13.57000000	271.62722504	219.38774623
13.58000000	271.52967147	219.47594149
13.59000000	271.43174952	219.56435024
13.60000000	271.33346340	219.65311475
13.61000000	271.23474073	219.74210146
13.62000000	271.13616076	219.83172363
13.63000000	271.03635311	219.92159554
13.64000000	270.93647439	220.01182647
13.65000000	270.83656316	220.10243970
13.66000000	270.73588314	220.19343584
13.67000000	270.63458796	220.28481910
13.68000000	270.53312254	220.37658581
13.69000000	270.43159421	220.46848854
13.70000000	270.32905832	220.56132135
13.71000000	270.22648955	220.65431487
13.72000000	270.12373366	220.74744077
13.73000000	270.01963082	220.84150763
13.74000000	269.91630113	220.93537164
13.75000000	269.81174453	221.03038383
13.76000000	269.70680753	221.12504231
13.77000000	269.60160343	221.22026105
13.78000000	269.49591947	221.31634594
13.79000000	269.39017951	221.41323815
13.80000000	269.28260388	221.50993558
13.81000000	269.17596234	221.60727188
13.82000000	269.06838666	221.70452061
13.83000000	268.96056177	221.80358451
13.84000000	268.85108876	221.90218444
13.85000000	268.74176863	222.00060596
13.86000000	268.63376874	222.10122097
13.87000000	268.52170916	222.20056165
13.88000000	268.41230375	222.30143034
13.89000000	268.30162769	222.40283710
13.90000000	268.18940403	222.50399295
13.91000000	268.07835334	222.60674589
13.92000000	267.96459943	222.70805608
13.93000000	267.85363160	222.81206613
13.94000000	267.73846735	222.91563188
13.95000000	267.62537728	223.02019498
13.96000000	267.51000043	223.12535855
13.97000000	267.39396504	223.22885578
13.98000000	267.27860787	223.33561858
13.99000000	267.16228501	223.44182583
14.00000000	267.04521291	223.54973153
14.01000000	266.92747339	223.65755486
14.02000000	266.81076434	223.76431759
14.03000000	266.68939307	223.87551568
14.04000000	266.57088127	223.98373388
14.05000000	266.45009708	224.09406839
14.06000000	266.32989357	224.20281825
14.07000000	266.20818500	224.31568842
14.08000000	266.08475978	224.42936935
14.09000000	265.96352239	224.54073779
14.10000000	265.84078297	224.65440293
14.11000000	265.71705083	224.76703418
14.12000000	265.59024916	224.88495053
14.13000000	265.46815074	224.99701854
14.14000000	265.34172550	225.11382935
14.15000000	265.21440668	225.23166716
14.16000000	265.08736088	225.34886647
14.17000000	264.95874597	225.46741665
14.18000000	264.82897135	225.58711926
14.19000000	264.69810116	225.70772335
14.20000000	264.56589281	225.82501887
14.21000000	264.43864482	225.94672531
14.22000000	264.30616641	226.06578706
14.23000000	264.17474174	226.18945984
14.24000000	264.04033144	226.31133219
14.25000000	263.90699578	226.43761050
14.26000000	263.77008661	226.56337711
14.27000000	263.63746214	226.69293547
14.28000000	263.49767811	226.81791572
14.29000000	263.36375147	226.94460575
14.30000000	263.22089067	227.07199852
14.31000000	263.08530808	227.20057687
14.32000000	262.94147043	227.33147549
14.33000000	262.80419034	227.46351177
14.34000000	262.66112911	227.59418208
14.35000000	262.52223152	227.72692015
14.36000000	262.37617604	227.85899832
14.37000000	262.23663912	227.99470077
14.38000000	262.08613951	228.12812082
14.39000000	261.94634352	228.26868513
14.40000000	261.79308441	228.40150992
14.41000000	261.65291728	228.54597493
14.42000000	261.49875408	228.67846564
14.43000000	261.35750459	228.82530499
14.44000000	261.20157253	228.96260952
14.45000000	261.05646313	229.10626503
14.46000000	260.90191498	229.24953939
14.47000000	260.74799285	229.39099121
14.48000000	260.60148860	229.54478071
14.49000000	260.43388975	229.67859384
14.50000000	260.29283501	229.83670857
14.51000000	260.13268161	229.97542318
14.52000000	259.97609303	230.12584578
14.53000000	259.82481948	230.27991170
14.54000000	259.65645690	230.42277935
14.55000000	259.50679812	230.58364052
14.56000000	259.34904476	230.72925606
14.57000000	259.17730219	230.88069958
14.58000000	259.02838670	231.04665956
14.59000000	258.86835004	231.19033635
14.60000000	258.69704219	231.34557688
14.61000000	258.54207500	231.51222948
14.62000000	258.38295529	231.66144731
14.63000000	258.21504571	231.81678913
14.64000000	258.04623291	231.98091563
14.65000000	257.89017462	232.14403250
14.66000000	257.72744114	232.29699538
14.67000000	257.55703266	232.45677021
14.68000000	257.38421201	232.62554859
14.69000000	257.21528923	232.79234689
14.70000000	257.05081995	232.94722639
14.71000000	256.88079535	233.10938476
14.72000000	256.70718755	233.27621981
14.73000000	256.53963722	233.44431450
14.74000000	256.37666003	233.61371131
14.75000000	256.21058762	233.78072672
14.76000000	256.04519812	233.94304864
14.77000000	255.87874303	234.10697547
14.78000000	255.71003927	234.27306886
14.79000000	255.54234669	234.44137446
14.80000000	255.37500766	234.61201032
14.81000000	255.20563702	234.77623988
14.82000000	255.03864363	234.94627818
14.83000000	254.86851248	235.11907792
14.84000000	254.70600075	235.29195948
14.85000000	254.54369473	235.45062128
14.86000000	254.37368744	235.62669690
14.87000000	254.21068877	235.79072268
14.88000000	254.05115117	235.95209689
14.89000000	253.88626030	236.12618194
14.90000000	253.73087425	236.28657019
14.91000000	253.56735120	236.45869583
14.92000000	253.40870543	236.63062009
14.93000000	253.24990344	236.78921429
14.94000000	253.09076586	236.94990967
14.95000000	252.93816641	237.11722062
14.95100000	252.92073921	237.13432196
14.95100100	252.92072141	237.13433933
14.95100200	252.92070361	237.13435669
14.95100300	252.92068582	237.13437405
14.95100400	252.92066802	237.13439142
14.95100500	252.92065022	237.13440878
14.95100600	252.92063242	237.13442614
14.95100700	252.92061462	237.13444351
14.95100800	252.92059682	237.13446088
14.95100900	252.92057902	237.13447824
14.95101000	252.92056122	237.13449561
14.95101100	252.92054342	237.13451298
14.95101200	252.92052562	237.13453034
14.95101300	252.92050782	237.13454771
14.95101400	252.92049002	237.13456508
14.95101500	252.92047221	237.13458245
14.95101600	252.92045441	237.13459982
14.95101700	252.92043660	237.13461719
14.95101800	252.92041880	237.13463456
14.95101900	252.92040099	237.13465193
14.95102000	252.92038318	237.13466931
14.95102100	252.92036538	237.13468668
14.95102200	252.92034757	237.13470405
14.95102300	252.92032976	237.13472143
14.95102400	252.92031195	237.13473880
14.95102500	252.92029414	237.13475617
14.95102600	252.92027633	237.13477355
14.95102700	252.92025852	237.13479093
14.95102800	252.92024071	237.13480830
14.95102900	252.92022289	237.13482568
14.95103000	252.92020508	237.13484306
14.95103100	252.92018727	237.13486043
14.95103200	252.92016945	237.13487781
14.95103300	252.92015164	237.13489519
14.95103400	252.92013382	237.13491257
14.95103500	252.92011601	237.13492995
14.95103600	252.92009819	237.13494733
14.95103700	252.92008038	237.13496471
14.95103800	252.92006256	237.13498210
14.95103900	252.92004474	237.13499948
14.95104000	252.92002692	237.13501686
14.95104100	252.92000910	237.13503424
14.95104200	252.91999128	237.13505163
14.95104300	252.91997346	237.13506901
14.95104400	252.91995564	237.13508640
14.95104500	252.91993782	237.13510378
14.95104600	252.91991999	237.13512117
14.95104700	252.91990217	237.13513856
14.95104800	252.91988435	237.13515594
14.95104900	252.91986652	237.13517333
14.95105000	252.91984870	237.13519072
14.95105100	252.91983087	237.13520811
14.95105200	252.91981305	237.13522550
14.95105300	252.91979522	237.13524289
14.95105400	252.91977739	237.13526028
14.95105500	252.91975956	237.13527767
14.95105600	252.91974174	237.13529506
14.95105700	252.91972390	237.13531245
14.95105800	252.91970608	237.13532984
14.95105900	252.91968825	237.13534724
14.95106000	252.91967041	237.13536463
14.95106100	252.91965258	237.13538202
14.95106200	252.91963475	237.13539942
14.95106300	252.91961692	237.13541681
14.95106400	252.91959908	237.13543421
14.95106500	252.91958125	237.13545160
14.95106600	252.91956342	237.13546900
14.95106700	252.91954558	237.13548640
14.95106800	252.91952774	237.13550380
14.95106900	252.91950991	237.13552119
14.95107000	252.91949207	237.13553859
14.95107100	252.91947423	237.13555599
14.95107200	252.91945639	237.13557339
14.95107300	252.91943856	237.13559079
14.95107400	252.91942072	237.13560819
14.95107500	252.91940288	237.13562559
14.95107600	252.91938504	237.13564300
14.95107700	252.91936719	237.13566040
14.95107800	252.91934935	237.13567780
14.95107900	252.91933151	237.13569521
14.95108000	252.91931367	237.13571261
14.95108100	252.91929582	237.13573002
14.95108200	252.91927798	237.13574742
14.95108300	252.91926013	237.13576483
14.95108400	252.91924229	237.13578223
14.95108500	252.91922444	237.13579964
14.95108600	252.91920659	237.13581705
14.95108700	252.91918875	237.13583445
14.95108800	252.91917090	237.13585186
14.95108900	252.91915305	237.13586927
14.95109000	252.91913520	237.13588668
14.95109100	252.91911735	237.13590409
14.95109200	252.91909950	237.13592150
14.95109300	252.91908165	237.13593891
14.95109400	252.91906380	237.13595632
14.95109500	252.91904594	237.13597374
14.95109600	252.91902809	237.13599115
14.95109700	252.91901024	237.13600856
14.95109800	252.91899238	237.13602598
14.95109900	252.91897453	237.13604339
14.95110000	252.91895667	237.13606081
14.95110100	252.91893882	237.13607822
14.95110200	252.91892096	237.13609564
14.95110300	252.91890310	237.13611305
14.95110400	252.91888525	237.13613047
14.95110500	252.91886739	237.13614789
14.95110600	252.91884953	237.13616531
14.95110700	252.91883167	237.13618272
14.95110800	252.91881381	237.13620014
14.95110900	252.91879595	237.13621756
14.95111000	252.91877808	237.13623498
14.95111100	252.91876022	237.13625240
14.95111200	252.91874236	237.13626983
14.95111300	252.91872450	237.13628725
14.95111400	252.91870663	237.13630467
14.95111500	252.91868877	237.13632209
14.95111600	252.91867090	237.13633952
14.95111700	252.91865304	237.13635694
14.95111800	252.91863517	237.13637436
14.95111900	252.91861730	237.13639179
14.95112000	252.91859944	237.13640921
14.95112100	252.91858157	237.13642664
14.95112200	252.91856370	237.13644407
14.95112300	252.91854583	237.13646149
14.95112400	252.91852796	237.13647892
14.95112500	252.91851009	237.13649635
14.95112600	252.91849222	237.13651378
14.95112700	252.91847435	237.13653121
14.95112800	252.91845647	237.13654864
14.95112900	252.91843860	237.13656607
14.95113000	252.91842073	237.13658350
14.95113100	252.91840285	237.13660093
14.95113200	252.91838498	237.13661836
14.95113300	252.91836710	237.13663579
14.95113400	252.91834922	237.13665323
14.95113500	252.91833135	237.13667066
14.95113600	252.91831347	237.13668810
14.95113700	252.91829559	237.13670553
14.95113800	252.91827771	237.13672297
14.95113900	252.91825984	237.13674040
14.95114000	252.91824196	237.13675784
14.95114100	252.91822408	237.13677527
14.95114200	252.91820619	237.13679271
14.95114300	252.91818831	237.13681015
14.95114400	252.91817043	237.13682759
14.95114500	252.91815255	237.13684503
14.95114600	252.91813466	237.13686247
14.95114700	252.91811678	237.13687991
14.95114800	252.91809890	237.13689735
14.95114900	252.91808101	237.13691479
14.95115000	252.91806312	237.13693223
14.95115100	252.91804524	237.13694967
14.95115200	252.91802735	237.13696711
14.95115300	252.91800946	237.13698456
14.95115400	252.91799157	237.13700200
14.95115500	252.91797368	237.13701944
14.95115600	252.91795580	237.13703689
14.95115700	252.91793790	237.13705434
14.95115800	252.91792001	237.13707178
14.95115900	252.91790212	237.13708923
14.95116000	252.91788423	237.13710667
14.95116100	252.91786634	237.13712412
14.95116200	252.91784844	237.13714157
14.95116300	252.91783055	237.13715902
14.95116400	252.91781266	237.13717647
14.95116500	252.91779476	237.13719392
14.95116600	252.91777686	237.13721137
14.95116700	252.91775897	237.13722882
14.95116800	252.91774107	237.13724627
14.95116900	252.91772317	237.13726372
14.95117000	252.91770528	237.13728117
14.95117100	252.91768738	237.13729863
14.95117200	252.91766948	237.13731608
14.95117300	252.91765158	237.13733353
14.95117400	252.91763368	237.13735099
14.95117500	252.91761577	237.13736844
14.95117600	252.91759787	237.13738590
14.95117700	252.91757997	237.13740335
14.95117800	252.91756207	237.13742081
14.95117900	252.91754416	237.13743827
14.95118000	252.91752626	237.13745572
14.95118100	252.91750835	237.13747318
14.95118200	252.91749045	237.13749064
14.95118300	252.91747254	237.13750810
14.95118400	252.91745463	237.13752556
14.95118500	252.91743673	237.13754302
14.95118600	252.91741882	237.13756048
14.95118700	252.91740091	237.13757794
14.95118800	252.91738300	237.13759540
14.95118900	252.91736501	237.13761292
14.95119000	252.91734700	237.13763044
14.95119100	252.91732899	237.13764797
14.95119200	252.91731098	237.13766550
14.95119300	252.91729297	237.13768302
14.95119400	252.91727496	237.13770055
14.95119500	252.91725695	237.13771808
14.95119600	252.91723894	237.13773561
14.95119700	252.91722093	237.13775314
14.95119800	252.91720291	237.13777067
14.95119900	252.91718490	237.13778820
14.95120000	252.91716688	237.13780573
14.95120100	252.91714887	237.13782326
14.95120200	252.91713085	237.13784080
14.95120300	252.91711283	237.13785833
14.95120400	252.91709482	237.13787587
14.95120500	252.91707680	237.13789340
14.95120600	252.91705878	237.13791094
14.95120700	252.91704076	237.13792847
14.95120800	252.91702274	237.13794601
14.95120900	252.91700472	237.13796354
14.95121000	252.91698670	237.13798108
14.95121100	252.91696868	237.13799862
14.95121200	252.91695066	237.13801616
14.95121300	252.91693263	237.13803370
14.95121400	252.91691461	237.13805124
14.95121500	252.91689658	237.13806878
14.95121600	252.91687856	237.13808632
14.95121700	252.91686053	237.13810386
14.95121800	252.91684251	237.13812140
14.95121900	252.91682448	237.13813895
14.95122000	252.91680645	237.13815649
14.95122100	252.91678842	237.13817403
14.95122200	252.91677039	237.13819158
14.95122300	252.91675236	237.13820912
14.95122400	252.91673433	237.13822667
14.95122500	252.91671630	237.13824422
14.95122600	252.91669827	237.13826176
14.95122700	252.91668024	237.13827931
14.95122800	252.91666220	237.13829686
14.95122900	252.91664417	237.13831441
14.95123000	252.91662614	237.13833196
14.95123100	252.91660810	237.13834951
14.95123200	252.91659006	237.13836706
14.95123300	252.91657203	237.13838461
14.95123400	252.91655399	237.13840216
14.95123500	252.91653595	237.13841971
14.95123600	252.91651792	237.13843727
14.95123700	252.91649988	237.13845482
14.95123800	252.91648184	237.13847238
14.95123900	252.91646380	237.13848993
14.95124000	252.91644576	237.13850749
14.95124100	252.91642771	237.13852504
14.95124200	252.91640967	237.13854260
14.95124300	252.91639163	237.13856016
14.95124400	252.91637358	237.13857771
14.95124500	252.91635554	237.13859527
14.95124600	252.91633750	237.13861283
14.95124700	252.91631945	237.13863039
14.95124800	252.91630140	237.13864795
14.95124900	252.91628336	237.13866551
14.95125000	252.91626531	237.13868307
14.95125100	252.91624726	237.13870063
14.95125200	252.91622921	237.13871820
14.95125300	252.91621116	237.13873576
14.95125400	252.91619311	237.13875332
14.95125500	252.91617506	237.13877089
14.95125600	252.91615701	237.13878845
14.95125700	252.91613896	237.13880602
14.95125800	252.91612090	237.13882358
14.95125900	252.91610285	237.13884115
14.95126000	252.91608480	237.13885872
14.95126100	252.91606674	237.13887629
14.95126200	252.91604869	237.13889386
14.95126300	252.91603063	237.13891143
14.95126400	252.91601257	237.13892900
14.95126500	252.91599452	237.13894656
14.95126600	252.91597646	237.13896414
14.95126700	252.91595840	237.13898171
14.95126800	252.91594034	237.13899928
14.95126900	252.91592228	237.13901685
14.95127000	252.91590422	237.13903443
14.95127100	252.91588616	237.13905200
14.95127200	252.91586809	237.13906957
14.95127300	252.91585003	237.13908715
14.95127400	252.91583197	237.13910473
14.95127500	252.91581390	237.13912230
14.95127600	252.91579584	237.13913988
14.95127700	252.91577777	237.13915746
14.95127800	252.91575971	237.13917503
14.95127900	252.91574164	237.13919261
14.95128000	252.91572357	237.13921019
14.95128100	252.91570550	237.13922777
14.95128200	252.91568743	237.13924535
14.95128300	252.91566937	237.13926293
14.95128400	252.91565130	237.13928052
14.95128500	252.91563323	237.13929810
14.95128600	252.91561515	237.13931568
14.95128700	252.91559708	237.13933326
14.95128800	252.91557901	237.13935085
14.95128900	252.91556094	237.13936843
14.95129000	252.91554286	237.13938602
14.95129100	252.91552479	237.13940360
14.95129200	252.91550671	237.13942119
14.95129300	252.91548863	237.13943878
14.95129400	252.91547056	237.13945637
14.95129500	252.91545248	237.13947395
14.95129600	252.91543440	237.13949154
14.95129700	252.91541632	237.13950913
14.95129800	252.91539825	237.13952672
14.95129900	252.91538017	237.13954431
14.95130000	252.91536208	237.13956190
14.95130100	252.91534400	237.13957950
14.95130200	252.91532592	237.13959709
14.95130300	252.91530784	237.13961468
14.95130400	252.91528975	237.13963228
14.95130500	252.91527167	237.13964987
14.95130600	252.91525359	237.13966746
14.95130700	252.91523550	237.13968506
14.95130800	252.91521741	237.13970266
14.95130900	252.91519933	237.13972025
14.95131000	252.91518124	237.13973785
14.95131100	252.91516315	237.13975545
14.95131200	252.91514506	237.13977305
14.95131300	252.91512697	237.13979065
14.95131400	252.91510888	237.13980824
14.95131500	252.91509079	237.13982584
14.95131600	252.91507270	237.13984345
14.95131700	252.91505461	237.13986105
14.95131800	252.91503652	237.13987865
14.95131900	252.91501842	237.13989625
14.95132000	252.91500033	237.13991385
14.95132100	252.91498224	237.13993146
14.95132200	252.91496414	237.13994906
14.95132300	252.91494604	237.13996667
14.95132400	252.91492795	237.13998427
14.95132500	252.91490985	237.14000188
14.95132600	252.91489175	237.14001949
14.95132700	252.91487365	237.14003709
14.95132800	252.91485555	237.14005470
14.95132900	252.91483746	237.14007231
14.95133000	252.91481935	237.14008992
14.95133100	252.91480125	237.14010753
14.95133200	252.91478315	237.14012514
14.95133300	252.91476505	237.14014275
14.95133400	252.91474695	237.14016036
14.95133500	252.91472884	237.14017798
14.95133600	252.91471074	237.14019559
14.95133700	252.91469263	237.14021320
14.95133800	252.91467453	237.14023082
14.95133900	252.91465642	237.14024843
14.95134000	252.91463831	237.14026605
14.95134100	252.91462020	237.14028366
14.95134200	252.91460209	237.14030128
14.95134300	252.91458399	237.14031890
14.95134400	252.91456588	237.14033651
14.95134500	252.91454776	237.14035413
14.95134600	252.91452965	237.14037175
14.95134700	252.91451154	237.14038937
14.95134800	252.91449343	237.14040699
14.95134900	252.91447532	237.14042461
14.95135000	252.91445720	237.14044223
14.95135100	252.91443909	237.14045985
14.95135200	252.91442097	237.14047747
14.95135300	252.91440286	237.14049510
14.95135400	252.91438474	237.14051272
14.95135500	252.91436662	237.14053035
14.95135600	252.91434850	237.14054797
14.95135700	252.91433039	237.14056560
14.95135800	252.91431227	237.14058322
14.95135900	252.91429415	237.14060085
14.95136000	252.91427603	237.14061848
14.95136100	252.91425791	237.14063610
14.95136200	252.91423978	237.14065373
14.95136300	252.91422166	237.14067136
14.95136400	252.91420354	237.14068899
14.95136500	252.91418541	237.14070662
14.95136600	252.91416729	237.14072425
14.95136700	252.91414916	237.14074188
14.95136800	252.91413104	237.14075951
14.95136900	252.91411291	237.14077715
14.95137000	252.91409478	237.14079478
14.95137100	252.91407666	237.14081241
14.95137200	252.91405853	237.14083005
14.95137300	252.91404040	237.14084768
14.95137400	252.91402227	237.14086532
14.95137500	252.91400414	237.14088295
14.95137600	252.91398601	237.14090059
14.95137700	252.91396788	237.14091823
14.95137800	252.91394974	237.14093587
14.95137900	252.91393161	237.14095351
14.95138000	252.91391347	237.14097115
14.95138100	252.91389534	237.14098878
14.95138200	252.91387721	237.14100642
14.95138300	252.91385907	237.14102407
14.95138400	252.91384093	237.14104171
14.95138500	252.91382280	237.14105935
14.95138600	252.91380466	237.14107699
14.95138700	252.91378652	237.14109464
14.95138800	252.91376838	237.14111228
14.95138900	252.91375024	237.14112992
14.95139000	252.91373210	237.14114757
14.95139100	252.91371396	237.14116521
14.95139200	252.91369582	237.14118286
14.95139300	252.91367767	237.14120051
14.95139400	252.91365953	237.14121816
14.95139500	252.91364139	237.14123580
14.95139600	252.91362324	237.14125345
14.95139700	252.91360510	237.14127110
14.95139800	252.91358695	237.14128875
14.95139900	252.91356881	237.14130640
14.95140000	252.91355066	237.14132405
14.95140100	252.91353251	237.14134171
14.95140200	252.91351436	237.14135936
14.95140300	252.91349621	237.14137701
14.95140400	252.91347806	237.14139466
14.95140500	252.91345991	237.14141232
14.95140600	252.91344176	237.14142997
14.95140700	252.91342361	237.14144763
14.95140800	252.91340546	237.14146528
14.95140900	252.91338730	237.14148294
14.95141000	252.91336915	237.14150060
14.95141100	252.91335099	237.14151826
14.95141200	252.91333284	237.14153591
14.95141300	252.91331468	237.14155357
14.95141400	252.91329653	237.14157123
14.95141500	252.91327837	237.14158889
14.95141600	252.91326021	237.14160655
14.95141700	252.91324205	237.14162421
14.95141800	252.91322389	237.14164188
14.95141900	252.91320573	237.14165954
14.95142000	252.91318757	237.14167720
14.95142100	252.91316941	237.14169487
14.95142200	252.91315125	237.14171253
14.95142300	252.91313309	237.14173020
14.95142400	252.91311492	237.14174786
14.95142500	252.91309676	237.14176553
14.95142600	252.91307859	237.14178319
14.95142700	252.91306043	237.14180086
14.95142800	252.91304226	237.14181853
14.95142900	252.91302410	237.14183620
14.95143000	252.91300593	237.14185387
14.95143100	252.91298776	237.14187154
14.95143200	252.91296959	237.14188921
14.95143300	252.91295142	237.14190688
14.95143400	252.91293325	237.14192455
14.95143500	252.91291508	237.14194222
14.95143600	252.91289691	237.14195989
14.95143700	252.91287874	237.14197757
14.95143800	252.91286057	237.14199524
14.95143900	252.91284239	237.14201292
14.95144000	252.91282422	237.14203059
14.95144100	252.91280604	237.14204827
14.95144200	252.91278787	237.14206594
14.95144300	252.91276969	237.14208362
14.95144400	252.91275152	237.14210130
14.95144500	252.91273334	237.14211898
14.95144600	252.91271516	237.14213665
14.95144700	252.91269698	237.14215433
14.95144800	252.91267880	237.14217201
14.95144900	252.91266062	237.14218969
14.95145000	252.91264244	237.14220737
14.95145100	252.91262426	237.14222506
14.95145200	252.91260608	237.14224274
14.95145300	252.91258790	237.14226042
14.95145400	252.91256971	237.14227811
14.95145500	252.91255153	237.14229579
14.95145600	252.91253335	237.14231347
14.95145700	252.91251516	237.14233116
14.95145800	252.91249697	237.14234884
14.95145900	252.91247879	237.14236653
14.95146000	252.91246060	237.14238422
14.95146100	252.91244241	237.14240191
14.95146200	252.91242422	237.14241960
14.95146300	252.91240603	237.14243729
14.95146400	252.91238784	237.14245497
14.95146500	252.91236965	237.14247266
14.95146600	252.91235146	237.14249035
14.95146700	252.91233327	237.14250805
14.95146800	252.91231508	237.14252574
14.95146900	252.91229688	237.14254343
14.95147000	252.91227869	237.14256112
14.95147100	252.91226049	237.14257882
14.95147200	252.91224230	237.14259651
14.95147300	252.91222410	237.14261421
14.95147400	252.91220591	237.14263190
14.95147500	252.91218771	237.14264960
14.95147600	252.91216951	237.14266730
14.95147700	252.91215131	237.14268499
14.95147800	252.91213311	237.14270269
14.95147900	252.91211491	237.14272039
14.95148000	252.91209671	237.14273809
14.95148100	252.91207851	237.14275579
14.95148200	252.91206031	237.14277349
14.95148300	252.91204210	237.14279119
14.95148400	252.91202390	237.14280889
14.95148500	252.91200570	237.14282659
14.95148600	252.91198749	237.14284430
14.95148700	252.91196929	237.14286200
14.95148800	252.91195108	237.14287970
14.95148900	252.91193287	237.14289741
14.95149000	252.91191466	237.14291511
14.95149100	252.91189646	237.14293282
14.95149200	252.91187825	237.14295053
14.95149300	252.91186004	237.14296823
14.95149400	252.91184183	237.14298594
14.95149500	252.91182362	237.14300365
14.95149600	252.91180540	237.14302136
14.95149700	252.91178719	237.14303907
14.95149800	252.91176898	237.14305678
14.95149900	252.91175077	237.14307449
14.95150000	252.91173255	237.14309220
14.95150100	252.91171434	237.14310991
14.95150200	252.91169612	237.14312762
14.95150300	252.91167791	237.14314533
14.95150400	252.91165969	237.14316305
14.95150500	252.91164147	237.14318076
14.95150600	252.91162325	237.14319848
14.95150700	252.91160503	237.14321619
14.95150800	252.91158681	237.14323391
14.95150900	252.91156859	237.14325163
14.95151000	252.91155037	237.14326934
14.95151100	252.91153215	237.14328706
14.95151200	252.91151393	237.14330478
14.95151300	252.91149571	237.14332250
14.95151400	252.91147748	237.14334022
14.95151500	252.91145926	237.14335794
14.95151600	252.91144103	237.14337566
14.95151700	252.91142281	237.14339338
14.95151800	252.91140458	237.14341110
14.95151900	252.91138635	237.14342882
14.95152000	252.91136813	237.14344655
14.95152100	252.91134990	237.14346427
14.95152200	252.91133167	237.14348200
14.95152300	252.91131344	237.14349972
14.95152400	252.91129521	237.14351745
14.95152500	252.91127697	237.14353517
14.95152600	252.91125874	237.14355290
14.95152700	252.91124051	237.14357063
14.95152800	252.91122228	237.14358835
14.95152900	252.91120404	237.14360608
14.95153000	252.91118581	237.14362381
14.95153100	252.91116757	237.14364154
14.95153200	252.91114934	237.14365927
14.95153300	252.91113110	237.14367700
14.95153400	252.91111287	237.14369473
14.95153500	252.91109463	237.14371247
14.95153600	252.91107639	237.14373020
14.95153700	252.91105815	237.14374793
14.95153800	252.91103991	237.14376567
14.95153900	252.91102167	237.14378340
14.95154000	252.91100343	237.14380114
14.95154100	252.91098518	237.14381887
14.95154200	252.91096694	237.14383661
14.95154300	252.91094870	237.14385435
14.95154400	252.91093046	237.14387208
14.95154500	252.91091221	237.14388982
14.95154600	252.91089397	237.14390756
14.95154700	252.91087572	237.14392530
14.95154800	252.91085747	237.14394304
14.95154900	252.91083923	237.14396078
14.95155000	252.91082098	237.14397852
14.95155100	252.91080273	237.14399626
14.95155200	252.91078448	237.14401401
14.95155300	252.91076623	237.14403175
14.95155400	252.91074798	237.14404949
14.95155500	252.91072973	237.14406724
14.95155600	252.91071147	237.14408498
14.95155700	252.91069322	237.14410273
14.95155800	252.91067497	237.14412047
14.95155900	252.91065672	237.14413822
14.95156000	252.91063846	237.14415597
14.95156100	252.91062020	237.14417372
14.95156200	252.91060195	237.14419146
14.95156300	252.91058369	237.14420921
14.95156400	252.91056543	237.14422696
14.95156500	252.91054718	237.14424471
14.95156600	252.91052892	237.14426246
14.95156700	252.91051066	237.14428022
14.95156800	252.91049240	237.14429797
14.95156900	252.91047414	237.14431572
14.95157000	252.91045587	237.14433347
14.95157100	252.91043761	237.14435123
14.95157200	252.91041935	237.14436898
14.95157300	252.91040109	237.14438674
14.95157400	252.91038282	237.14440449
14.95157500	252.91036456	237.14442225
14.95157600	252.91034629	237.14444001
14.95157700	252.91032802	237.14445776
14.95157800	252.91030976	237.14447552
14.95157900	252.91029149	237.14449328
14.95158000	252.91027322	237.14451104
14.95158100	252.91025495	237.14452880
14.95158200	252.91023668	237.14454656
14.95158300	252.91021841	237.14456432
14.95158400	252.91020014	237.14458208
14.95158500	252.91018187	237.14459985
14.95158600	252.91016360	237.14461761
14.95158700	252.91014532	237.14463537
14.95158800	252.91012705	237.14465314
14.95158900	252.91010878	237.14467090
14.95159000	252.91009050	237.14468867
14.95159100	252.91007222	237.14470643
14.95159200	252.91005395	237.14472420
14.95159300	252.91003567	237.14474197
14.95159400	252.91001739	237.14475973
14.95159500	252.90999911	237.14477750
14.95159600	252.90998084	237.14479527
14.95159700	252.90996255	237.14481304
14.95159800	252.90994428	237.14483081
14.95159900	252.90992599	237.14484858
14.95160000	252.90990771	237.14486635
14.95160100	252.90988943	237.14488413
14.95160200	252.90987115	237.14490190
14.95160300	252.90985286	237.14491967
14.95160400	252.90983458	237.14493744
14.95160500	252.90981629	237.14495522
14.95160600	252.90979801	237.14497299
14.95160700	252.90977972	237.14499077
14.95160800	252.90976143	237.14500855
14.95160900	252.90974314	237.14502632
14.95161000	252.90972486	237.14504410
14.95161100	252.90970657	237.14506188
14.95161200	252.90968828	237.14507966
14.95161300	252.90966999	237.14509744
14.95161400	252.90965169	237.14511522
14.95161500	252.90963340	237.14513300
14.95161600	252.90961511	237.14515078
14.95161700	252.90959681	237.14516856
14.95161800	252.90957852	237.14518634
14.95161900	252.90956023	237.14520412
14.95162000	252.90954193	237.14522191
14.95162100	252.90952363	237.14523969
14.95162200	252.90950534	237.14525748
14.95162300	252.90948703	237.14527526
14.95162400	252.90946874	237.14529305
14.95162500	252.90945043	237.14531083
14.95162600	252.90943213	237.14532862
14.95162700	252.90941383	237.14534641
14.95162800	252.90939553	237.14536419
14.95162900	252.90937722	237.14538198
14.95163000	252.90935892	237.14539977
14.95163100	252.90934061	237.14541756
14.95163200	252.90932231	237.14543535
14.95163300	252.90930400	237.14545314
14.95163400	252.90928569	237.14547094
14.95163500	252.90926739	237.14548873
14.95163600	252.90924908	237.14550652
14.95163700	252.90923077	237.14552432
14.95163800	252.90921246	237.14554211
14.95163900	252.90919415	237.14555991
14.95164000	252.90917584	237.14557770
14.95164100	252.90915753	237.14559550
14.95164200	252.90913921	237.14561329
14.95164300	252.90912090	237.14563109
14.95164400	252.90910259	237.14564889
14.95164500	252.90908427	237.14566669
14.95164600	252.90906596	237.14568449
14.95164700	252.90904764	237.14570229
14.95164800	252.90902932	237.14572009
14.95164900	252.90901101	237.14573789
14.95165000	252.90899269	237.14575569
14.95165100	252.90897437	237.14577349
14.95165200	252.90895605	237.14579129
14.95165300	252.90893773	237.14580910
14.95165400	252.90891941	237.14582690
14.95165500	252.90890109	237.14584470
14.95165600	252.90888277	237.14586251
14.95165700	252.90886444	237.14588031
14.95165800	252.90884612	237.14589812
14.95165900	252.90882780	237.14591593
14.95166000	252.90880947	237.14593374
14.95166100	252.90879115	237.14595154
14.95166200	252.90877282	237.14596935
14.95166300	252.90875449	237.14598716
14.95166400	252.90873617	237.14600497
14.95166500	252.90871784	237.14602278
14.95166600	252.90869951	237.14604059
14.95166700	252.90868118	237.14605840
14.95166800	252.90866285	237.14607622
14.95166900	252.90864452	237.14609403
14.95167000	252.90862618	237.14611184
14.95167100	252.90860785	237.14612966
14.95167200	252.90858952	237.14614747
14.95167300	252.90857119	237.14616529
14.95167400	252.90855285	237.14618310
14.95167500	252.90853452	237.14620092
14.95167600	252.90851618	237.14621874
14.95167700	252.90849785	237.14623655
14.95167800	252.90847951	237.14625437
14.95167900	252.90846117	237.14627219

