0.00000000	326.13639816	167.84039673
0.00100000	326.08364045	167.86898230
0.00200000	326.03018110	167.89792463
0.00300000	325.97872527	167.92764162
0.00400000	325.92616223	167.95675117
0.00500000	325.87327999	167.98561391
0.00600000	325.81923238	168.02049472
0.00700000	325.76300208	168.04487045
0.00800000	325.71457648	168.07269644
0.00900000	325.66274682	168.10438732
0.01000000	325.60996952	168.13139366
0.01100000	325.55718201	168.16057381
0.01200000	325.50347384	168.18988878
0.01300000	325.45180524	168.21922032
0.01400000	325.39914087	168.24791236
0.01500000	325.34592148	168.27736070
0.01600000	325.29313984	168.30674327
0.01700000	325.24059742	168.33599208
0.01800000	325.18753935	168.36518360
0.01900000	325.13440725	168.39443107
0.02000000	325.08108902	168.42373058
0.02100000	325.02599807	168.45320920
0.02200000	324.97449947	168.48327242
0.02300000	324.92132611	168.51496040
0.02400000	324.86608807	168.54165736
0.02500000	324.81432179	168.57197653
0.02600000	324.76326028	168.60711368
0.02700000	324.70841065	168.63271427
0.02800000	324.65719995	168.65844358
0.02900000	324.60491591	168.68781375
0.03000000	324.55177607	168.71719521
0.03100000	324.49862127	168.74677940
0.03200000	324.44546194	168.77607793
0.03300000	324.39224205	168.80571384
0.03400000	324.33863148	168.83509539
0.03500000	324.28573746	168.86524664
0.03600000	324.23106387	168.89414872
0.03700000	324.17868457	168.92353073
0.03800000	324.12398389	168.95307586
0.03900000	324.07281493	168.98387527
0.04000000	324.01929533	169.01228214
0.04100000	323.96615435	169.04240527
0.04200000	323.91262617	169.07155014
0.04300000	323.85862319	169.10081061
0.04400000	323.80341557	169.13090856
0.04500000	323.75175497	169.16374474
0.04600000	323.69694423	169.18964759
0.04700000	323.64559390	169.21941030
0.04800000	323.59229315	169.24896952
0.04900000	323.53821256	169.27884344
0.05000000	323.48515216	169.30838607
0.05100000	323.43183148	169.33787341
0.05200000	323.37830550	169.36757070
0.05300000	323.32336235	169.39735620
0.05400000	323.27059966	169.42759122
0.05500000	323.21747415	169.45670801
0.05600000	323.16381992	169.48653544
0.05700000	323.10984143	169.51646916
0.05800000	323.05607736	169.54824091
0.05900000	323.00248675	169.57618783
0.06000000	322.94870687	169.60781242
0.06100000	322.89524811	169.63733524
0.06200000	322.84143558	169.66691640
0.06300000	322.78702940	169.69514804
0.06400000	322.73309936	169.72476811
0.06500000	322.67915875	169.75490579
0.06600000	322.61912353	169.80426498
0.06700000	322.55725007	169.84907611
0.06800000	322.49129623	169.89901351
0.06900000	322.45631655	169.92886613
0.07000000	322.40958657	169.93686130
0.07100000	322.33143784	169.94832946
0.07200000	322.29319282	169.96615312
0.07300000	322.24845140	169.99472461
0.07400000	322.19459675	170.02391297
0.07500000	322.14052636	170.05400000
0.07600000	322.08632004	170.08409903
0.07700000	322.03238773	170.11395431
0.07800000	321.97808886	170.14391631
0.07900000	321.92401863	170.17416617
0.08000000	321.86938955	170.20399594
0.08100000	321.81581096	170.23427942
0.08200000	321.76088326	170.26452097
0.08300000	321.70736534	170.29438592
0.08400000	321.65274071	170.32431766
0.08500000	321.59834236	170.35501548
0.08600000	321.54442498	170.38482025
0.08700000	321.49031086	170.41475169
0.08800000	321.43570412	170.44495540
0.08900000	321.38058277	170.47589857
0.09000000	321.32707823	170.50662656
0.09100000	321.27280779	170.53548760
0.09200000	321.21840159	170.56560180
0.09300000	321.16369489	170.59632204
0.09400000	321.10881944	170.62666889
0.09500000	321.05508105	170.65629564
0.09600000	321.00060651	170.68653223
0.09700000	320.94535445	170.71698377
0.09800000	320.89142474	170.74714533
0.09900000	320.83599435	170.77960746
0.10000000	320.78068976	170.80832002
0.10100000	320.72703766	170.83845608
0.10200000	320.67301444	170.86845123
0.10300000	320.61826653	170.89887863
0.10400000	320.56390066	170.92977118
0.10500000	320.50881848	170.95954498
0.10600000	320.45443112	170.99021057
0.10700000	320.39958016	171.02103659
0.10800000	320.34491124	171.05075086
0.10900000	320.29020326	171.08171924
0.11000000	320.23536755	171.11158802
0.11100000	320.18049478	171.14397373
0.11200000	320.12548433	171.17386895
0.11300000	320.07068494	171.20305375
0.11400000	320.01587725	171.23363360
0.11500000	319.96080105	171.26444332
0.11600000	319.90549366	171.29490942
0.11700000	319.85140225	171.32512427
0.11800000	319.79592176	171.35632918
0.11900000	319.74139911	171.38643900
0.12000000	319.68604575	171.41735777
0.12100000	319.63125215	171.44775610
0.12200000	319.57343774	171.47881206
0.12300000	319.52123645	171.50925396
0.12400000	319.46542568	171.54024084
0.12500000	319.41064762	171.57011705
0.12600000	319.35499260	171.60067495
0.12700000	319.29992369	171.63205609
0.12800000	319.24554791	171.66197027
0.12900000	319.18975730	171.69277007
0.13000000	319.13512536	171.72410849
0.13100000	319.07980105	171.75418448
0.13200000	319.02445506	171.78486616
0.13300000	318.96886367	171.81611798
0.13400000	318.91173379	171.84845446
0.13500000	318.85779788	171.88529482
0.13600000	318.79996537	171.91854227
0.13700000	318.74454016	171.94040802
0.13800000	318.69129841	171.97398393
0.13900000	318.63262639	172.00093025
0.14000000	318.58158831	172.03145216
0.14100000	318.52610770	172.06232552
0.14200000	318.47062139	172.09329109
0.14300000	318.41509296	172.12418980
0.14400000	318.35955336	172.15507457
0.14500000	318.30394992	172.18618462
0.14600000	318.24840510	172.21697918
0.14700000	318.19279872	172.24795360
0.14800000	318.13713206	172.27922488
0.14900000	318.08121121	172.31032674
0.15000000	318.02583763	172.34098212
0.15100000	317.97013945	172.37199966
0.15200000	317.91441632	172.40305361
0.15300000	317.85864528	172.43411006
0.15400000	317.80265224	172.46561143
0.15500000	317.74711459	172.49633223
0.15600000	317.69131792	172.52749677
0.15700000	317.63546369	172.55858293
0.15800000	317.57957064	172.58967008
0.15900000	317.52365437	172.62114827
0.16000000	317.46696621	172.65344891
0.16100000	317.41195549	172.68355371
0.16200000	317.35597682	172.71439833
0.16300000	317.30000487	172.74590993
0.16400000	317.24371006	172.77690886
0.16500000	317.18782675	172.80802314
0.16600000	317.13200884	172.83963958
0.16700000	317.07275226	172.88099705
0.16800000	317.01202131	172.91120894
0.16900000	316.96376460	172.93314544
0.17000000	316.90763697	172.96447933
0.17100000	316.85148317	172.99582848
0.17200000	316.79531298	173.02714679
0.17300000	316.73910897	173.05852706
0.17400000	316.68280474	173.08989860
0.17500000	316.62662112	173.12128851
0.17600000	316.57036552	173.15374630
0.17700000	316.51409959	173.18448270
0.17800000	316.45780344	173.21593060
0.17900000	316.40143187	173.24739212
0.18000000	316.34509860	173.27905088
0.18100000	316.28835663	173.31079948
0.18200000	316.23227735	173.34150553
0.18300000	316.17588574	173.37298121
0.18400000	316.11943069	173.40438678
0.18500000	316.06297526	173.43595128
0.18600000	316.00567952	173.46900059
0.18700000	315.94974669	173.49920422
0.18800000	315.89321196	173.53080271
0.18900000	315.83674174	173.56256653
0.19000000	315.78016389	173.59404495
0.19100000	315.72370711	173.62568325
0.19200000	315.66709534	173.65734432
0.19300000	315.61043861	173.68901936
0.19400000	315.55375847	173.72058438
0.19500000	315.49705957	173.75229257
0.19600000	315.44047483	173.78401752
0.19700000	315.38385706	173.81573463
0.19800000	315.32708367	173.84747686
0.19900000	315.27034412	173.87924127
0.20000000	315.21354395	173.91102715
0.20100000	315.15667106	173.94282845
0.20200000	315.09974727	173.97465403
0.20300000	315.04297240	174.00648630
0.20400000	314.98606828	174.03835017
0.20500000	314.92913403	174.07020876
0.20600000	314.86967831	174.10257796
0.20700000	314.81518990	174.13399834
0.20800000	314.75818139	174.16591623
0.20900000	314.70115072	174.19785346
0.21000000	314.64409377	174.22980374
0.21100000	314.58694283	174.26181473
0.21200000	314.52990784	174.29376172
0.21300000	314.47254391	174.32589338
0.21400000	314.41562678	174.35778981
0.21500000	314.35842360	174.38985565
0.21600000	314.30123075	174.42190743
0.21700000	314.24393978	174.45398362
0.21800000	314.18576294	174.48623904
0.21900000	314.12942433	174.51823140
0.22000000	314.07212877	174.55037432
0.22100000	314.01478907	174.58251156
0.22200000	313.95578833	174.61470206
0.22300000	313.89993502	174.64684020
0.22400000	313.84244575	174.67926506
0.22500000	313.78487852	174.71189157
0.22600000	313.72764572	174.74346056
0.22700000	313.67016630	174.77571361
0.22800000	313.61260638	174.80794655
0.22900000	313.55516113	174.84020761
0.23000000	313.49753817	174.87410267
0.23100000	313.44006105	174.90500968
0.23200000	313.38234787	174.93800424
0.23300000	313.32480640	174.96994985
0.23400000	313.26718297	175.00268485
0.23500000	313.20947920	175.03524752
0.23600000	313.15184008	175.06755718
0.23700000	313.09413560	175.10003535
0.23800000	313.03630703	175.13278149
0.23900000	312.97840758	175.16572840
0.24000000	312.92033664	175.19906626
0.24100000	312.86219116	175.23258212
0.24200000	312.80374895	175.26672468
0.24300000	312.74564572	175.30022179
0.24400000	312.68722397	175.33439921
0.24500000	312.62888375	175.36844653
0.24600000	312.57023439	175.40316236
0.24700000	312.51103071	175.43896072
0.24800000	312.45178007	175.47194160
0.24900000	312.39163658	175.50295616
0.25000000	312.33369358	175.53423026
0.25100000	312.27552703	175.56533081
0.25200000	312.20673402	175.62700322
0.25300000	312.11098936	175.67246330
0.25400000	312.10700151	175.65297036
0.25500000	312.05147799	175.68565012
0.25600000	311.99330168	175.71839413
0.25700000	311.93510382	175.75115634
0.25800000	311.87687865	175.78365446
0.25900000	311.81862853	175.81628947
0.26000000	311.76035356	175.84904370
0.26100000	311.70205226	175.88187765
0.26200000	311.64372362	175.91473513
0.26300000	311.58538101	175.94759917
0.26400000	311.52715853	175.98048745
0.26500000	311.46882358	176.01339476
0.26600000	311.41039965	176.04631802
0.26700000	311.35195203	176.07926305
0.26800000	311.29347638	176.11222085
0.26900000	311.23498029	176.14520111
0.27000000	311.17645356	176.17820084
0.27100000	311.11790099	176.21121000
0.27200000	311.05933881	176.24424558
0.27300000	311.00073777	176.27729967
0.27400000	310.94210649	176.31037615
0.27500000	310.88345692	176.34346347
0.27600000	310.82477907	176.37655502
0.27700000	310.76615259	176.40968347
0.27800000	310.70742341	176.44283094
0.27900000	310.64866832	176.47599604
0.28000000	310.58990042	176.50918119
0.28100000	310.53109509	176.54238508
0.28200000	310.47221445	176.57560805
0.28300000	310.41337919	176.61206897
0.28400000	310.35439633	176.64333020
0.28500000	310.29560779	176.67553614
0.28600000	310.23664841	176.70864334
0.28700000	310.17769261	176.74195416
0.28800000	310.11858696	176.77536735
0.28900000	310.05974328	176.80866393
0.29000000	310.00074435	176.84227104
0.29100000	309.94166183	176.87552633
0.29200000	309.88246867	176.90883692
0.29300000	309.82346603	176.94227490
0.29400000	309.76432370	176.97570952
0.29500000	309.70517245	177.00918173
0.29600000	309.64599062	177.04270986
0.29700000	309.58675254	177.07618177
0.29800000	309.52746688	177.10983675
0.29900000	309.46815372	177.14400341
0.30000000	309.40865982	177.17690059
0.30100000	309.34931357	177.21042453
0.30200000	309.29028286	177.24418514
0.30300000	309.23090343	177.27767589
0.30400000	309.17142658	177.31157499
0.30500000	309.11169406	177.34670050
0.30600000	309.05258071	177.37884919
0.30700000	308.99310031	177.41243791
0.30800000	308.93350644	177.44617909
0.30900000	308.87395078	177.47991608
0.31000000	308.81438712	177.51368532
0.31100000	308.75479601	177.54751003
0.31200000	308.69517381	177.58174583
0.31300000	308.63550995	177.61605345
0.31400000	308.57571195	177.64976292
0.31500000	308.51590534	177.68363889
0.31600000	308.45617311	177.71753027
0.31700000	308.39634820	177.75144467
0.31800000	308.33656595	177.78537490
0.31900000	308.27676262	177.81938164
0.32000000	308.21693032	177.85332239
0.32100000	308.15702642	177.88732181
0.32200000	308.09713919	177.92133813
0.32300000	308.03720868	177.95536994
0.32400000	307.97727346	177.98942903
0.32500000	307.91726617	178.02351851
0.32600000	307.85729521	178.05760759
0.32700000	307.79728202	178.09172010
0.32800000	307.73723083	178.12585995
0.32900000	307.67750370	178.15977405
0.33000000	307.61741251	178.19404284
0.33100000	307.55728806	178.22754240
0.33200000	307.49712220	178.26171089
0.33300000	307.43701051	178.29595336
0.33400000	307.37688941	178.33021823
0.33500000	307.31664325	178.36450148
0.33600000	307.25637901	178.39880933
0.33700000	307.19607738	178.43313089
0.33800000	307.13575963	178.46747981
0.33900000	307.07541526	178.50184999
0.34000000	307.01503575	178.53624088
0.34100000	306.95467662	178.57062947
0.34200000	306.89424613	178.60506349
0.34300000	306.83378931	178.63951626
0.34400000	306.77329866	178.67399338
0.34500000	306.71277934	178.70849276
0.34600000	306.65161046	178.74308971
0.34700000	306.59164573	178.77763619
0.34800000	306.53096594	178.81255584
0.34900000	306.46990114	178.84718310
0.35000000	306.40941779	178.88179246
0.35100000	306.34873303	178.91653524
0.35200000	306.28801449	178.95152591
0.35300000	306.22743411	178.98620496
0.35400000	306.16630900	179.02049696
0.35500000	306.10561628	179.05476501
0.35600000	306.04486602	179.08988195
0.35700000	305.98437407	179.12418113
0.35800000	305.92329105	179.15940915
0.35900000	305.86257256	179.19379308
0.36000000	305.80162877	179.22860425
0.36100000	305.74064683	179.26345674
0.36200000	305.67965469	179.29833198
0.36300000	305.61862498	179.33322962
0.36400000	305.55756661	179.36814895
0.36500000	305.49648084	179.40312041
0.36600000	305.43536444	179.43805728
0.36700000	305.37421805	179.47304553
0.36800000	305.31304522	179.50805667
0.36900000	305.25184039	179.54309070
0.37000000	305.19060958	179.57818048
0.37100000	305.12934651	179.61322762
0.37200000	305.06805627	179.64833145
0.37300000	305.00673798	179.68345707
0.37400000	304.94538924	179.71862016
0.37500000	304.88401539	179.75377823
0.37600000	304.82261947	179.78897638
0.37700000	304.76117580	179.82435788
0.37800000	304.69957834	179.85960743
0.37900000	304.63823433	179.89469941
0.38000000	304.57665572	179.93041553
0.38100000	304.51515557	179.96529184
0.38200000	304.45375222	180.00062768
0.38300000	304.39213914	180.03598719
0.38400000	304.33049578	180.07137109
0.38500000	304.26882316	180.10677775
0.38600000	304.20712047	180.14220822
0.38700000	304.14538800	180.17766216
0.38800000	304.08362559	180.21314055
0.38900000	304.02183329	180.24864277
0.39000000	303.96001004	180.28417047
0.39100000	303.89815740	180.31972259
0.39200000	303.83627627	180.35529509
0.39300000	303.77436004	180.39089549
0.39400000	303.71241876	180.42651548
0.39500000	303.65044798	180.46216298
0.39600000	303.58844472	180.49783482
0.39700000	303.52641124	180.53353022
0.39800000	303.46434661	180.56925081
0.39900000	303.40225235	180.60499596
0.40000000	303.34012771	180.64076513
0.40100000	303.27797241	180.67655962
0.40200000	303.21578061	180.71238878
0.40300000	303.15356998	180.74822167
0.40400000	303.09132252	180.78409055
0.40500000	303.02904414	180.81998361
0.40600000	302.96673454	180.85590243
0.40700000	302.90439601	180.89184508
0.40800000	302.84202448	180.92781362
0.40900000	302.77962385	180.96380661
0.41000000	302.71719101	180.99982608
0.41100000	302.65472732	181.03587077
0.41200000	302.59223202	181.07194097
0.41300000	302.52970624	181.10803269
0.41400000	302.46714887	181.14415500
0.41500000	302.40456151	181.18029820
0.41600000	302.34194107	181.21646925
0.41700000	302.27928990	181.25266562
0.41800000	302.21660435	181.28888783
0.41900000	302.15389106	181.32513584
0.42000000	302.09114814	181.36141002
0.42100000	302.02836913	181.39770943
0.42200000	301.96556213	181.43403489
0.42300000	301.90272188	181.47038634
0.42400000	301.83984953	181.50677211
0.42500000	301.77694234	181.54317146
0.42600000	301.71400696	181.57960267
0.42700000	301.65104079	181.61605427
0.42800000	301.58804091	181.65253690
0.42900000	301.52500917	181.68904641
0.43000000	301.46194481	181.72558091
0.43100000	301.39884859	181.76214222
0.43200000	301.33571996	181.79873097
0.43300000	301.27255741	181.83534702
0.43400000	301.20936406	181.87198792
0.43500000	301.14614009	181.90865592
0.43600000	301.08288203	181.94535471
0.43700000	301.01959137	181.98207536
0.43800000	300.95626140	182.01883027
0.43900000	300.89291207	182.05559993
0.44000000	300.82952344	182.09240512
0.44100000	300.76610222	182.12923407
0.44200000	300.70264800	182.16609106
0.44300000	300.63916083	182.20300593
0.44400000	300.57564049	182.23988998
0.44500000	300.51208767	182.27682904
0.44600000	300.44850160	182.31379708
0.44700000	300.38488216	182.35079162
0.44800000	300.32122963	182.38781447
0.44900000	300.25754186	182.42486507
0.45000000	300.19382497	182.46194383
0.45100000	300.13007191	182.49904981
0.45200000	300.06628632	182.53618430
0.45300000	300.00246716	182.57334772
0.45400000	299.93861092	182.61053673
0.45500000	299.87472738	182.64775557
0.45600000	299.81077251	182.68500208
0.45700000	299.74685274	182.72227761
0.45800000	299.68286506	182.75958128
0.45900000	299.61884324	182.79691274
0.46000000	299.55478743	182.83427327
0.46100000	299.49069757	182.87166284
0.46200000	299.42657313	182.90908030
0.46300000	299.36241558	182.94652672
0.46400000	299.29822317	182.98400254
0.46500000	299.23399662	183.02150677
0.46600000	299.16973575	183.05904012
0.46700000	299.10544039	183.09660225
0.46800000	299.04111056	183.13419361
0.46900000	298.97674617	183.17225375
0.47000000	298.91234676	183.21005651
0.47100000	298.84791343	183.24714895
0.47200000	298.78344484	183.28485311
0.47300000	298.71894145	183.32259089
0.47400000	298.65440325	183.36035969
0.47500000	298.58982346	183.39815664
0.47600000	298.52522141	183.43603952
0.47700000	298.46057852	183.47384994
0.47800000	298.39589993	183.51172770
0.47900000	298.33118440	183.54964584
0.48000000	298.26643678	183.58759221
0.48100000	298.20165197	183.62556909
0.48200000	298.13682773	183.66357745
0.48300000	298.07197660	183.70161480
0.48400000	298.00708492	183.73968415
0.48500000	297.94215808	183.77778127
0.48600000	297.87719189	183.81591195
0.48700000	297.81219545	183.85407070
0.48800000	297.74716201	183.89226096
0.48900000	297.68209141	183.93048295
0.49000000	297.61698361	183.96873518
0.49100000	297.55184118	184.00701794
0.49200000	297.48666277	184.04536203
0.49300000	297.42115671	184.08412459
0.49400000	297.35619537	184.12205445
0.49500000	297.29084372	184.16046250
0.49600000	297.22558192	184.19890276
0.49700000	297.16021991	184.23737293
0.49800000	297.09482109	184.27587545
0.49900000	297.02938695	184.31440962
0.50000000	296.96391342	184.35297591
0.50100000	296.89840257	184.39158405
0.50200000	296.83285993	184.43020317
0.50300000	296.76727661	184.46886539
0.50400000	296.70165645	184.50755872
0.50500000	296.63599063	184.54628581
0.50600000	296.57030381	184.58504381
0.50700000	296.50457036	184.62383389
0.50800000	296.43880114	184.66265714
0.50900000	296.37299337	184.70151291
0.51000000	296.30714848	184.74040204
0.51100000	296.24126469	184.77932277
0.51200000	296.17534443	184.81827747
0.51300000	296.10938380	184.85726389
0.51400000	296.04338755	184.89628337
0.51500000	295.97733940	184.93533646
0.51600000	295.91128022	184.97442478
0.51700000	295.84516873	185.01354339
0.51800000	295.77893104	185.05281075
0.51900000	295.71283027	185.09188181
0.52000000	295.64660323	185.13110189
0.52100000	295.58033785	185.17035598
0.52200000	295.51403357	185.20964369
0.52300000	295.44769009	185.24896505
0.52400000	295.38130813	185.28832060
0.52500000	295.31488737	185.32771066
0.52600000	295.24842717	185.36713507
0.52700000	295.18192773	185.40659118
0.52800000	295.11538930	185.44608361
0.52900000	295.04849490	185.48611947
0.53000000	294.98218947	185.52517532
0.53100000	294.91553716	185.56476824
0.53200000	294.84882809	185.60442738
0.53300000	294.78210378	185.64406413
0.53400000	294.71532816	185.68376536
0.53500000	294.64851238	185.72353057
0.53600000	294.58165633	185.76327131
0.53700000	294.51476002	185.80307750
0.53800000	294.44782397	185.84291936
0.53900000	294.38084682	185.88279701
0.54000000	294.31383038	185.92270880
0.54100000	294.24677295	185.96265700
0.54200000	294.17967490	186.00264186
0.54300000	294.11253441	186.04266878
0.54400000	294.04535526	186.08271821
0.54500000	293.97813616	186.12280951
0.54600000	293.91087476	186.16293795
0.54700000	293.84357130	186.20310283
0.54800000	293.77622828	186.24330517
0.54900000	293.70884302	186.28354175
0.55000000	293.64116579	186.32381620
0.55100000	293.57394940	186.36412810
0.55200000	293.50643174	186.40448227
0.55300000	293.43887713	186.44487319
0.55400000	293.37129615	186.48528347
0.55500000	293.30366141	186.52574252
0.55600000	293.23598464	186.56624018
0.55700000	293.16826386	186.60677345
0.55800000	293.10050456	186.64734670
0.55900000	293.03270101	186.68795635
0.56000000	292.96485522	186.72860202
0.56100000	292.89696665	186.76928725
0.56200000	292.82903606	186.81001062
0.56300000	292.76106235	186.85077177
0.56400000	292.69303972	186.89157177
0.56500000	292.62498608	186.93241036
0.56600000	292.55688338	186.97328645
0.56700000	292.48873763	187.01420093
0.56800000	292.42054778	187.05515515
0.56900000	292.35231531	187.09614755
0.57000000	292.28403932	187.13718011
0.57100000	292.21572012	187.17825032
0.57200000	292.14735671	187.21936019
0.57300000	292.07894935	187.26050921
0.57400000	292.01049807	187.30169782
0.57500000	291.94200266	187.34292625
0.57600000	291.87346300	187.38419444
0.57700000	291.80487923	187.42550244
0.57800000	291.73625043	187.46685022
0.57900000	291.66757796	187.50827687
0.58000000	291.59885965	187.54966643
0.58100000	291.53009134	187.59113512
0.58200000	291.46128993	187.63264375
0.58300000	291.39243820	187.67419330
0.58400000	291.32353930	187.71578503
0.58500000	291.25459783	187.75741522
0.58600000	291.18560965	187.79908710
0.58700000	291.11657553	187.84080034
0.58800000	291.04749562	187.88255469
0.58900000	290.97837074	187.92435299
0.59000000	290.90920027	187.96618964
0.59100000	290.83003629	188.01639274
0.59200000	290.77071478	188.04998775
0.59300000	290.70141037	188.09195094
0.59400000	290.63205340	188.13395539
0.59500000	290.56265163	188.17600240
0.59600000	290.49320253	188.21809607
0.59700000	290.42370671	188.26022399
0.59800000	290.35416380	188.30239849
0.59900000	290.28456849	188.34461570
0.60000000	290.21493717	188.38687569
0.60100000	290.14525248	188.42917856
0.60200000	290.07552064	188.47152492
0.60300000	290.00574148	188.51394966
0.60400000	289.93591410	188.55634756
0.60500000	289.86603876	188.59882411
0.60600000	289.79611586	188.64134452
0.60700000	289.72614488	188.68390896
0.60800000	289.65612497	188.72651822
0.60900000	289.58605765	188.76916977
0.61000000	289.51594105	188.81186695
0.61100000	289.44577613	188.85460859
0.61200000	289.37556208	188.89739441
0.61300000	289.30529931	188.94022498
0.61400000	289.23498698	188.98310057
0.61500000	289.16462598	189.02602188
0.61600000	289.09421533	189.06898871
0.61700000	289.02375496	189.11199918
0.61800000	288.95324437	189.15505548
0.61900000	288.88268540	189.19815829
0.62000000	288.81207485	189.24131009
0.62100000	288.74141098	189.28451401
0.62200000	288.67070492	189.32774187
0.62300000	288.59994498	189.37102895
0.62400000	288.52913043	189.41436442
0.62500000	288.45827189	189.45774298
0.62600000	288.38735794	189.50117111
0.62700000	288.31639486	189.54464358
0.62800000	288.24537984	189.58816475
0.62900000	288.17431358	189.63173338
0.63000000	288.10319561	189.67534925
0.63100000	288.03202580	189.71901310
0.63200000	287.96080431	189.76272428
0.63300000	287.88953109	189.80648354
0.63400000	287.81820298	189.85029034
0.63500000	287.74682735	189.89414669
0.63600000	287.67539715	189.93805063
0.63700000	287.60391353	189.98200296
0.63800000	287.53237813	190.02600469
0.63900000	287.46079022	190.07005998
0.64000000	287.38914834	190.11415559
0.64100000	287.31745277	190.15830413
0.64200000	287.24570456	190.20250268
0.64300000	287.17390230	190.24675102
0.64400000	287.10204610	190.29104920
0.64500000	287.03013604	190.33539755
0.64600000	286.95817182	190.37979584
0.64700000	286.88615309	190.42424472
0.64800000	286.81408011	190.46874536
0.64900000	286.74195283	190.51329456
0.65000000	286.66975934	190.55789767
0.65100000	286.59753233	190.60254798
0.65200000	286.52524003	190.64725168
0.65300000	286.45289223	190.69200752
0.65400000	286.38048862	190.73681398
0.65500000	286.30802922	190.78167257
0.65600000	286.23551413	190.82658346
0.65700000	286.16294270	190.87154730
0.65800000	286.09031514	190.91656437
0.65900000	286.01763005	190.96163060
0.66000000	285.94489003	191.00675276
0.66100000	285.87209267	191.05192609
0.66200000	285.79923800	191.09715359
0.66300000	285.72632523	191.14243470
0.66400000	285.65335655	191.18776981
0.66500000	285.58032507	191.23315773
0.66600000	285.50724535	191.27860029
0.66700000	285.43410262	191.32409739
0.66800000	285.36090159	191.36964837
0.66900000	285.28764248	191.41525458
0.67000000	285.21432261	191.46091563
0.67100000	285.14094792	191.50663114
0.67200000	285.06751208	191.55240384
0.67300000	284.99401689	191.59822917
0.67400000	284.92046323	191.64411271
0.67500000	284.84682712	191.69009070
0.67600000	284.77317554	191.73604456
0.67700000	284.69944207	191.78209609
0.67800000	284.62564469	191.82820302
0.67900000	284.55179373	191.87436748
0.68000000	284.47787870	191.92058884
0.68100000	284.40390291	191.96686734
0.68200000	284.32986530	192.01320365
0.68300000	284.25576773	192.05959764
0.68400000	284.18160790	192.10604896
0.68500000	284.10738630	192.15255921
0.68600000	284.03310328	192.19912788
0.68700000	283.95875719	192.24575388
0.68800000	283.88434980	192.29244027
0.68900000	283.80979303	192.33918436
0.69000000	283.73534582	192.38598848
0.69100000	283.66073709	192.43285219
0.69200000	283.58608719	192.47977946
0.69300000	283.51136591	192.52675881
0.69400000	283.43657932	192.57380356
0.69500000	283.36172826	192.62090821
0.69600000	283.28681260	192.66807188
0.69700000	283.21183233	192.71529782
0.69800000	283.13678887	192.76258919
0.69900000	283.06167938	192.80993376
0.70000000	282.98650389	192.85734379
0.70100000	282.91126465	192.90481633
0.70200000	282.83595847	192.95235042
0.70300000	282.76058660	192.99994757
0.70400000	282.68514813	193.04760748
0.70500000	282.60964440	193.09533022
0.70600000	282.53407412	193.14311650
0.70700000	282.45843632	193.19096593
0.70800000	282.38273124	193.23887934
0.70900000	282.30695872	193.28685685
0.71000000	282.23111849	193.33489886
0.71100000	282.15521048	193.38300513
0.71200000	282.07923356	193.43117683
0.71300000	282.00318937	193.47941303
0.71400000	281.92707547	193.52771478
0.71500000	281.85089338	193.57614788
0.71600000	281.77464152	193.62451611
0.71700000	281.69832011	193.67301602
0.71800000	281.62192899	193.72158180
0.71900000	281.54546779	193.77021545
0.72000000	281.46889968	193.81891811
0.72100000	281.39233369	193.86768329
0.72200000	281.31566056	193.91651792
0.72300000	281.23891587	193.96542124
0.72400000	281.16208212	194.01489851
0.72500000	281.08521122	194.06343255
0.72600000	281.00825275	194.11254171
0.72700000	280.93122057	194.16171943
0.72800000	280.85411542	194.21096724
0.72900000	280.77693712	194.26028402
0.73000000	280.69968659	194.30967128
0.73100000	280.62236228	194.35912931
0.73200000	280.54496342	194.40865864
0.73300000	280.46748670	194.45825653
0.73400000	280.38994246	194.50792727
0.73500000	280.31232184	194.55766987
0.73600000	280.23462565	194.60748380
0.73700000	280.15685360	194.65737024
0.73800000	280.07900561	194.70732897
0.73900000	280.00107983	194.75736282
0.74000000	279.92300377	194.80757172
0.74100000	279.84500428	194.85764461
0.74200000	279.76685032	194.90789719
0.74300000	279.68861914	194.95822435
0.74400000	279.61030975	195.00862538
0.74500000	279.53192337	195.05910172
0.74600000	279.45345743	195.10965330
0.74700000	279.37491435	195.16028114
0.74800000	279.29629140	195.21098566
0.74900000	279.21758914	195.26176305
0.75000000	279.13880600	195.31261915
0.75100000	279.05993709	195.36355206
0.75200000	278.98100368	195.41456300
0.75300000	278.90198084	195.46565174
0.75400000	278.82287691	195.51681793
0.75500000	278.74369106	195.56806214
0.75600000	278.66442420	195.61938554
0.75700000	278.58507510	195.67078783
0.75800000	278.50564339	195.72227007
0.75900000	278.42612867	195.77383222
0.76000000	278.34652731	195.82548489
0.76100000	278.26684915	195.87719794
0.76200000	278.18708353	195.92902397
0.76300000	278.10723123	195.98088803
0.76400000	278.02729873	196.03285617
0.76500000	277.94727854	196.08490674
0.76600000	277.86714277	196.13717146
0.76700000	277.78698180	196.18925425
0.76800000	277.70670435	196.24155836
0.76900000	277.62633978	196.29393610
0.77000000	277.54588595	196.34640373
0.77100000	277.46534930	196.39895540
0.77200000	277.38472225	196.45159264
0.77300000	277.30400682	196.50431520
0.77400000	277.22320250	196.55712488
0.77500000	277.14230866	196.61001924
0.77600000	277.06131908	196.66300070
0.77700000	276.98025322	196.71607009
0.77800000	276.89908695	196.76922658
0.77900000	276.81783562	196.82247248
0.78000000	276.73649007	196.87580684
0.78100000	276.65505170	196.92922893
0.78200000	276.57352302	196.98273953
0.78300000	276.49190072	197.03634288
0.78400000	276.41018519	197.09003379
0.78500000	276.32837623	197.14381705
0.78600000	276.24647340	197.19769151
0.78700000	276.16447580	197.25165783
0.78800000	276.08238356	197.30571621
0.78900000	276.00019558	197.35986749
0.79000000	275.91791196	197.41411245
0.79100000	275.83553188	197.46845021
0.79200000	275.75305469	197.52288260
0.79300000	275.67048065	197.57741003
0.79400000	275.58780856	197.63216572
0.79500000	275.50503778	197.68675667
0.79600000	275.42216897	197.74156557
0.79700000	275.33920037	197.79647603
0.79800000	275.25613213	197.85148363
0.79900000	275.17296343	197.90659148
0.80000000	275.08969391	197.96179425
0.80100000	275.00631579	198.01710290
0.80200000	274.92284971	198.07249829
0.80300000	274.83927479	198.12800062
0.80400000	274.75559660	198.18360445
0.80500000	274.67181511	198.23930713
0.80600000	274.58792936	198.29511179
0.80700000	274.50393632	198.35101982
0.80800000	274.41984299	198.40702950
0.80900000	274.33564167	198.46314180
0.81000000	274.25133492	198.51935834
0.81100000	274.16692066	198.57568065
0.81200000	274.08239733	198.63210644
0.81300000	273.99776921	198.68863697
0.81400000	273.91303108	198.74560918
0.81500000	273.82817280	198.80202493
0.81600000	273.74322582	198.85887095
0.81700000	273.65815896	198.91583042
0.81800000	273.57298034	198.97289884
0.81900000	273.48768984	199.03007655
0.82000000	273.40228814	199.08736329
0.82100000	273.31677290	199.14476298
0.82200000	273.23114455	199.20226942
0.82300000	273.14540190	199.25988991
0.82400000	273.05954403	199.31762244
0.82500000	272.97356958	199.37546873
0.82600000	272.88748299	199.43342779
0.82700000	272.80127728	199.49150134
0.82800000	272.71495491	199.54969012
0.82900000	272.62851302	199.60799527
0.83000000	272.54195449	199.66641611
0.83100000	272.45520882	199.72495346
0.83200000	272.36847670	199.78360918
0.83300000	272.28155674	199.84238372
0.83400000	272.19451581	199.90127729
0.83500000	272.10735233	199.96029033
0.83600000	272.02006601	200.01942743
0.83700000	271.93265450	200.07868071
0.83800000	271.84512008	200.13805749
0.83900000	271.75746205	200.19755781
0.84000000	271.66967640	200.25718197
0.84100000	271.58176387	200.31693200
0.84200000	271.49372528	200.37680449
0.84300000	271.40555770	200.43680392
0.84400000	271.31725684	200.49693528
0.84500000	271.22883486	200.55718686
0.84600000	271.14027788	200.61756687
0.84700000	271.05154789	200.67808139
0.84800000	270.96276949	200.73872005
0.84900000	270.87381638	200.79949265
0.85000000	270.78472931	200.86039866
0.85100000	270.69550726	200.92143288
0.85200000	270.60615035	200.98260291
0.85300000	270.51665627	201.04390701
0.85400000	270.42702595	201.10534639
0.85500000	270.33725727	201.16692176
0.85600000	270.24734953	201.22863366
0.85700000	270.15730191	201.29048411
0.85800000	270.06710909	201.35247532
0.85900000	269.97678273	201.41460109
0.86000000	269.88631072	201.47686955
0.86100000	269.79569444	201.53927962
0.86200000	269.70493379	201.60183233
0.86300000	269.61402768	201.66452879
0.86400000	269.52297498	201.72736901
0.86500000	269.43172055	201.79038228
0.86600000	269.34042614	201.85348716
0.86700000	269.24892921	201.91676671
0.86800000	269.15728116	201.98019458
0.86900000	269.06548153	202.04377226
0.87000000	268.97352905	202.10750001
0.87100000	268.88142353	202.17137912
0.87200000	268.78916166	202.23541262
0.87300000	268.69674779	202.29959687
0.87400000	268.60417573	202.36393758
0.87500000	268.51144582	202.42843409
0.87600000	268.41855688	202.49308733
0.87700000	268.32550819	202.55789852
0.87800000	268.23229838	202.62286923
0.87900000	268.13892522	202.68799989
0.88000000	268.04539081	202.75329237
0.88100000	267.95169013	202.81874754
0.88200000	267.85782498	202.88436695
0.88300000	267.76364783	202.95031094
0.88400000	267.66959115	203.01610218
0.88500000	267.57522113	203.08221997
0.88600000	267.48067881	203.14850642
0.88700000	267.38596725	203.21496375
0.88800000	267.29108086	203.28159164
0.88900000	267.19600891	203.34841031
0.89000000	267.10078453	203.41536777
0.89100000	267.00537052	203.48251809
0.89200000	266.90977968	203.54984543
0.89300000	266.81400812	203.61735050
0.89400000	266.71805558	203.68503462
0.89500000	266.62192020	203.75289987
0.89600000	266.52560112	203.82094799
0.89700000	266.42909642	203.88917931
0.89800000	266.33240514	203.95759493
0.89900000	266.23552498	204.02619770
0.90000000	266.13845597	204.09498882
0.90100000	266.04119513	204.16396931
0.90200000	265.94374158	204.23314103
0.90300000	265.84609342	204.30250524
0.90400000	265.74824919	204.37206449
0.90500000	265.65016395	204.44181837
0.90600000	265.55196576	204.51177007
0.90700000	265.45352732	204.58192107
0.90800000	265.35488387	204.65227276
0.90900000	265.25603631	204.72282674
0.91000000	265.15698324	204.79358509
0.91100000	265.05772262	204.86454902
0.91200000	264.95825282	204.93572068
0.91300000	264.85857191	205.00710166
0.91400000	264.75867856	205.07869386
0.91500000	264.65857041	205.15049908
0.91600000	264.55824505	205.22251903
0.91700000	264.45770335	205.29475580
0.91800000	264.35694016	205.36721154
0.91900000	264.25595511	205.43988700
0.92000000	264.15474687	205.51278532
0.92100000	264.05331186	205.58590816
0.92200000	263.95164905	205.65925803
0.92300000	263.84975592	205.73283555
0.92400000	263.74763108	205.80664398
0.92500000	263.64525856	205.88070143
0.92600000	263.54267215	205.95496384
0.92700000	263.43984224	206.02947564
0.92800000	263.33676766	206.10422703
0.92900000	263.23321068	206.17927679
0.93000000	263.12988734	206.25445818
0.93100000	263.02607669	206.32994193
0.93200000	262.92201702	206.40567367
0.93300000	262.81770487	206.48165675
0.93400000	262.71313749	206.55789225
0.93500000	262.60831431	206.63438369
0.93600000	262.50318394	206.71113709
0.93700000	262.39788615	206.78814385
0.93800000	262.29227663	206.86541732
0.93900000	262.18639954	206.94295640
0.94000000	262.07989900	207.02116407
0.94100000	261.97383258	207.09884256
0.94200000	261.86713954	207.17719539
0.94300000	261.76016724	207.25582487
0.94400000	261.65291405	207.33473396
0.94500000	261.54537711	207.41392507
0.94600000	261.43755359	207.49340178
0.94700000	261.32944045	207.57316778
0.94800000	261.22103428	207.65322338
0.94900000	261.11233212	207.73357431
0.95000000	261.00333301	207.81422221
0.95100000	260.89403056	207.89517130
0.95200000	260.78442308	207.97642444
0.95300000	260.67450540	208.05798490
0.95400000	260.56427878	208.13985593
0.95500000	260.45373537	208.22204104
0.95600000	260.34287426	208.30454388
0.95700000	260.23168987	208.38736790
0.95800000	260.12017966	208.47051645
0.95900000	260.00833925	208.55399341
0.96000000	259.89616671	208.63780304
0.96100000	259.78365618	208.72194799
0.96200000	259.67080465	208.80643308
0.96300000	259.55760850	208.89126253
0.96400000	259.44406304	208.97643972
0.96500000	259.33016450	209.06196854
0.96600000	259.21589679	209.14790084
0.96700000	259.10129102	209.23410004
0.96800000	258.98630559	209.32070974
0.96900000	258.87095364	209.40769068
0.97000000	258.75522454	209.49504396
0.97100000	258.63911622	209.58277614
0.97200000	258.52253998	209.67089170
0.97300000	258.40574131	209.75939579
0.97400000	258.28846503	209.84829237
0.97500000	258.17079001	209.93758731
0.97600000	258.05271057	210.02728548
0.97700000	257.93422150	210.11739275
0.97800000	257.81528631	210.20792287
0.97900000	257.69599382	210.29885258
0.98000000	257.57624343	210.39021735
0.98100000	257.45606206	210.48201339
0.98200000	257.33544276	210.57424427
0.98300000	257.21438057	210.66691906
0.98400000	257.09286840	210.76004157
0.98500000	256.97090053	210.85361964
0.98600000	256.84847037	210.94765896
0.98700000	256.72557150	211.04216535
0.98800000	256.60219717	211.13714688
0.98900000	256.47834069	211.23260959
0.99000000	256.35399462	211.32856111
0.99100000	256.22915212	211.42500817
0.99200000	256.10380602	211.52195773
0.99300000	255.97794822	211.61941822
0.99400000	255.85157125	211.71739695
0.99500000	255.72466734	211.81590239
0.99600000	255.59722795	211.91494107
0.99700000	255.46924458	212.01452588
0.99800000	255.34071029	212.11465661
0.99900000	255.21161439	212.21534993
1.00000000	255.08194863	212.31661249
1.00100000	254.95170356	212.41845344
1.00200000	254.82086952	212.52088232
1.00300000	254.68943742	212.62390882
1.00400000	254.55739691	212.72754311
1.00500000	254.42473713	212.83179546
1.00600000	254.29144899	212.93667666
1.00700000	254.15751973	213.04219687
1.00800000	254.02293904	213.14836861
1.00900000	253.88769472	213.25520196
1.01000000	253.75177592	213.36271041
1.01100000	253.61517002	213.47093000
1.01200000	253.47786373	213.57979828
1.01300000	253.33984496	213.68940424
1.01400000	253.20108078	213.79980741
1.01500000	253.06161393	213.91080688
1.01600000	252.92137442	214.02263203
1.01700000	252.78036546	214.13522510
1.01800000	252.63857185	214.24860273
1.01900000	252.49597873	214.36277857
1.02000000	252.35256915	214.47777068
1.02100000	252.20832521	214.59359534
1.02200000	252.06323265	214.71027011
1.02300000	251.91726857	214.82781721
1.02400000	251.77042178	214.94624368
1.02500000	251.62266646	215.06557607
1.02600000	251.47398589	215.18583664
1.02700000	251.32435580	215.30704391
1.02800000	251.17375821	215.42921887
1.02900000	251.02217004	215.55238501
1.03000000	250.86956732	215.67656338
1.03100000	250.71592687	215.80177910
1.03200000	250.56122617	215.92805948
1.03300000	250.40542930	216.05542758
1.03400000	250.24852043	216.18391168
1.03500000	250.09046602	216.31353981
1.03600000	249.93123762	216.44434168
1.03700000	249.77079798	216.57634655
1.03800000	249.60897766	216.70959092
1.03900000	249.44619465	216.84410108
1.04000000	249.28194661	216.97992211
1.04100000	249.11636025	217.11708262
1.04200000	248.94938954	217.25561343
1.04300000	248.78102093	217.39558604
1.04400000	248.61114288	217.53700076
1.04500000	248.43978116	217.67993204
1.04600000	248.26688851	217.82442480
1.04700000	248.09236019	217.97050254
1.04800000	247.91617091	218.11817676
1.04900000	247.73849176	218.26755401
1.05000000	247.55883633	218.41884308
1.05100000	247.37750768	218.57189101
1.05200000	247.19378042	218.72695326
1.05300000	247.00883306	218.88349729
1.05400000	246.82166912	219.04252094
1.05500000	246.63169551	219.20378617
1.05600000	246.44043209	219.36657479
1.05700000	246.24666689	219.53182436
1.05800000	246.05052526	219.69948470
1.05900000	245.85227295	219.86950863
1.06000000	245.65151442	220.04264827
1.06100000	245.44726873	220.21736580
1.06200000	245.24147088	220.39678643
1.06300000	245.02986489	220.57790763
1.06400000	244.82156801	220.75999003
1.06500000	244.60517104	220.94561706
1.06600000	244.38909090	221.13632237
1.06700000	244.16630964	221.32834515
1.06800000	243.94227422	221.52576788
1.06900000	243.71577473	221.72597400
1.07000000	243.48489050	221.92805781
1.07100000	243.24876810	222.13814397
1.07200000	243.01076677	222.34928622
1.07300000	242.76770546	222.56215385
1.07400000	242.52049700	222.78255294
1.07500000	242.27144607	223.00697627
1.07600000	242.01507152	223.23419929
1.07700000	241.75767033	223.46344747
1.07800000	241.49641220	223.70425440
1.07900000	241.22750492	223.94095406
1.08000000	240.96379349	224.18827748
1.08100000	240.68935960	224.43495011
1.08200000	240.41544157	224.68633076
1.08300000	240.12916989	224.94130953
1.08400000	239.85386275	225.20779078
1.08500000	239.56494584	225.46964625
1.08600000	239.28509016	225.73540993
1.08700000	239.00104027	226.00343878
1.08800000	238.71309291	226.26949136
1.08900000	238.42611503	226.53953199
1.09000000	238.14378042	226.81272465
1.09100000	237.85246664	227.08355993
1.09200000	237.57360813	227.35042326
1.09300000	237.29786069	227.61824708
1.09400000	237.02578804	227.88135956
1.09410000	236.99905645	227.90585324
1.09411000	236.99619655	227.90852647
1.09412000	236.99331484	227.91122265
1.09413000	236.99041134	227.91394173
1.09414000	236.98748616	227.91668361
1.09415000	236.98453937	227.91944821
1.09416000	236.98157136	227.92223528
1.09417000	236.97858194	227.92504493
1.09418000	236.97557109	227.92787714
1.09419000	236.97253549	227.93073426
1.09420000	236.96947741	227.93361480
1.09421000	236.96639778	227.93651808
1.09422000	236.96329665	227.93944408
1.09423000	236.96017388	227.94239291
1.09424000	236.95702973	227.94536435
1.09425000	236.95386436	227.94835822
1.09426000	236.95157468	227.95089183
1.09427000	236.94941424	227.95307702
1.09428000	236.94723099	227.95528566

